Index	ImgID	Ratings Received	Mean of Ratings	Standard Deviation	6	7	8	9	10	11	12
					1	2	3	4	5	6	7
1	1008958	18	5.17	0.583333333	0	0	0	4	7	7	0
2	1009826	11	5.36	1.32231405	0	0	1	1	4	3	2
3	1010164	21	5.76	0.421487603	0	0	0	1	4	15	2
4	1010795	25	5.44	0.5664	0	0	0	4	6	15	0
5	1010893	27	6.52	0.320153061	0	0	0	0	1	11	16
6	1012254	27	5.07	0.587105624	0	0	0	7	11	9	0
7	1015996	12	5.67	0.722222222	0	0	1	0	1	10	0
8	1016162	31	6.03	0.16024974	0	0	0	0	2	26	3
9	1016182	10	5.5	0.64	0	0	0	2	2	6	0
10	1016311	23	6.39	0.326388889	0	0	0	0	1	12	11
11	1016343	37	6.19	0.382642998	0	0	0	0	4	22	13
12	1016686	47	6.43	0.408163265	0	0	0	1	1	23	24
13	1018451	14	6.07	0.359375	0	0	0	0	2	10	4
14	1019147	57	5.47	0.600184672	0	0	1	5	19	30	2
15	1020568	41	5.12	0.692444973	0	0	2	5	21	12	1
16	1021911	33	6.18	-1	-1	-1	-1	-1	-1	-1	-1
17	1022109	13	6.31	0.213017751	0	0	0	0	0	9	4
18	1022419	53	6.32	0.361730718	0	0	0	1	1	34	25
19	1023522	35	6.2	0.321799308	0	0	0	0	3	22	9
20	1024430	15	4.8	0.693333333	0	0	1	4	7	3	0
21	1024705	17	5	-1	-1	-1	-1	-1	-1	-1	-1
22	1024892	18	4.5	0.805555556	0	0	2	8	5	3	0
23	1025315	12	5.92	0.224852071	0	0	0	0	2	10	1
24	1025600	18	5	0.941176471	0	0	1	5	4	7	0
25	1026407	25	5.36	0.7904	0	0	1	3	8	12	1
26	1026868	97	5.9	0.458975427	0	0	1	1	19	63	14
27	1027296	59	6.22	0.351318359	0	0	0	0	5	37	22
28	1029026	11	4.18	1.239669421	0	0	4	3	2	2	0
29	1029239	16	6.19	0.21	0	0	0	0	0	14	6
30	1029881	47	6.43	0.463010204	0	0	0	1	3	21	31
31	1030736	10	5.1	0.89	0	0	0	4	1	5	0
32	1031781	12	5	1.666666667	0	0	2	3	1	5	1
33	1032145	32	6.12	0.583333333	0	0	0	1	5	17	13
34	1032546	12	5.08	0.576388889	0	0	0	3	5	4	0
35	1032547	13	4.85	0.899408284	0	0	1	4	4	4	0
36	1033148	25	5.28	-1	-1	-1	-1	-1	-1	-1	-1
37	1034956	57	5.12	0.669128963	0	0	1	11	27	16	2
38	1036735	11	5.82	0.876033058	0	0	0	2	0	7	2
39	1042104	14	6.07	0.462222222	0	0	0	1	0	11	3
40	1042467	15	5.6	0.632653061	0	0	0	1	4	7	2
41	1045234	16	5.5	0.625	0	0	0	1	8	5	2
42	1049550	45	6.16	0.55785124	0	0	0	1	6	21	16
43	1053125	28	4.96	0.605867347	0	0	1	6	14	7	0
44	1055085	11	4.73	0.925619835	0	0	1	4	3	3	0
45	1056337	17	5.65	0.816608997	0	0	1	1	2	12	1
46	1058346	17	4.82	0.733564014	0	0	1	5	7	4	0
47	1058555	15	5.93	0.462222222	0	0	0	0	4	8	3
48	1059407	21	6.29	0.735207101	0	0	0	1	4	8	13
49	1059873	10	5	0.8	0	0	1	1	5	3	0
50	1060349	10	5.3	0.61	0	0	0	2	3	5	0
51	1060788	15	5.33	0.888888889	0	0	1	1	6	6	1
52	1060888	31	5.97	0.4375	0	0	0	1	4	21	6
53	1063443	21	5.52	0.344671202	0	0	0	1	8	12	0
54	1063819	19	5.26	0.825484765	0	0	1	2	8	7	1
55	1065556	12	5.92	0.409722222	0	0	0	0	3	7	2
56	1071464	22	5.64	0.972222222	0	0	1	2	5	12	4
57	1072717	10	5.3	-1	-1	-1	-1	-1	-1	-1	-1
58	1082228	10	4.9	0.49	0	0	0	3	5	2	0
59	1082318	17	6.18	0.25	0	0	0	0	1	13	4
60	1083232	21	5.48	0.535147392	0	0	0	2	8	10	1
61	1085462	19	5.26	0.720221607	0	0	1	2	7	9	0
62	1087294	10	5.6	0.64	0	0	0	1	3	5	1
63	1087298	12	5.58	0.409722222	0	0	0	0	6	5	1
64	1087424	12	4.33	1.338842975	0	0	3	2	3	3	0
65	108827	61	5.87	0.487252862	0	0	0	4	7	43	8
66	108828	46	5.46	0.884297521	0	0	0	9	7	23	5
67	1094630	14	4.79	0.882653061	0	0	1	5	4	4	0
68	1095391	10	5.7	0.41	0	0	0	0	4	5	1
69	1096209	21	4.95	0.712018141	0	0	2	2	12	5	0
70	1096842	33	6	-1	-1	-1	-1	-1	-1	-1	-1
71	1096845	66	6.33	0.37654321	0	0	0	0	5	34	33
72	1096991	10	4.8	-1	-1	-1	-1	-1	-1	-1	-1
73	1097320	12	5	1.166666667	0	0	1	3	4	3	1
74	1098057	11	4.36	-1	-1	-1	-1	-1	-1	-1	-1
75	1098863	12	4.92	0.409722222	0	0	0	3	7	2	0
76	1099055	11	5.27	0.380165289	0	0	0	1	6	4	0
77	1102929	23	5.17	0.665406427	0	0	1	2	13	6	1
78	1105808	10	4.6	0.5	0	0	0	2	4	2	0
79	1107162	14	4.93	0.923469388	0	0	2	1	7	4	0
80	1107462	91	6.42	0.349437734	0	0	0	0	5	44	49
81	1109150	23	6.09	-1	-1	-1	-1	-1	-1	-1	-1
82	1109712	14	5.29	0.346938776	0	0	0	1	8	5	0
83	1110195	10	4.9	0.49	0	0	0	3	5	2	0
84	1111274	12	5.17	0.472222222	0	0	0	2	6	4	0
85	1111551	13	4.92	0.666666667	0	0	0	3	7	1	1
86	1112155	18	6.39	0.346020761	0	0	0	0	1	9	7
87	1113280	28	5.46	0.891581633	0	0	1	4	6	15	2
88	1115857	14	5.64	0.801020408	0	0	0	1	6	4	3
89	1116848	26	5.42	0.397928994	0	0	0	2	11	13	0
90	1120823	10	5.1	0.49	0	0	0	2	5	3	0
91	1121138	11	5.18	0.512396694	0	0	0	2	5	4	0
92	1121193	23	5.39	0.846880907	0	0	1	2	9	9	2
93	1121340	30	4.93	0.595555556	0	0	0	10	12	8	0
94	1122068	10	5.1	0.69	0	0	0	3	3	4	0
95	1122082	12	5.33	0.888888889	0	0	0	3	3	5	1
96	1126333	10	3.9	0.69	0	0	3	6	0	1	0
97	1129385	13	5.23	0.792899408	0	0	1	1	5	6	0
98	113119	10	4.8	-1	-1	-1	-1	-1	-1	-1	-1
99	1131540	10	5.5	0.25	0	0	0	0	5	5	0
100	1134982	20	5.25	0.2875	0	0	0	1	13	6	0
101	1136335	23	5.7	0.298676749	0	0	0	0	8	14	1
102	1138572	15	5.73	-1	-1	-1	-1	-1	-1	-1	-1
103	1139562	19	5	0.947368421	0	0	2	3	7	7	0
104	1140641	37	6.41	0.472098765	0	0	0	0	5	12	28
105	1140643	33	6.3	0.484375	0	0	0	0	5	15	20
106	1142346	11	4.55	1.16	0	0	2	1	4	3	0
107	1143134	12	5.42	0.743055556	0	0	1	0	4	7	0
108	1144111	11	5.27	0.743801653	0	0	0	2	5	3	1
109	1146799	38	6.03	0.288781163	0	0	0	0	5	27	6
110	1146816	21	5.62	0.33106576	0	0	0	0	9	11	1
111	1149856	22	5.23	0.811983471	0	0	1	3	9	8	1
112	1149884	24	5.62	0.504801097	0	0	0	2	6	17	2
113	1149955	17	5.71	-1	-1	-1	-1	-1	-1	-1	-1
114	1151228	28	5.79	0.651404787	0	0	1	0	7	18	5
115	1151596	15	5.33	1.49609375	0	0	1	4	1	7	3
116	1151625	18	5.94	0.163580247	0	0	0	0	2	15	1
117	1151753	10	4.7	0.21	0	0	0	3	7	0	0
118	1152020	12	6	0.166666667	0	0	0	0	1	10	1
119	1152799	31	5.71	0.528616025	0	0	0	2	8	18	3
120	1153149	11	5.45	0.429752066	0	0	0	1	4	6	0
121	1156060	30	6.13	-1	-1	-1	-1	-1	-1	-1	-1
122	1158151	12	5.58	0.576388889	0	0	0	1	4	6	1
123	1158798	13	5.54	0.556213018	0	0	0	1	6	5	1
124	1162548	16	5.38	0.859375	0	0	0	3	6	5	2
125	1164698	21	5.67	0.762396694	0	0	0	3	4	12	3
126	1165089	28	5.64	0.387755102	0	0	0	1	11	15	1
127	1165092	10	5.4	0.84	0	0	1	0	3	6	0
128	1165093	15	5.73	0.52734375	0	0	0	0	6	7	3
129	1165096	32	5.62	0.421875	0	0	0	1	12	17	2
130	1165253	12	5.42	0.409722222	0	0	0	1	5	6	0
131	1167549	22	4.82	0.876033058	0	0	2	6	8	6	0
132	1169394	10	4.8	0.36	0	0	0	3	6	1	0
133	1169723	20	4.55	0.7475	0	0	2	8	7	3	0
134	1170289	10	5.1	0.49	0	0	0	2	5	3	0
135	1170430	33	5.91	-1	-1	-1	-1	-1	-1	-1	-1
136	1171040	45	5.8	-1	-1	-1	-1	-1	-1	-1	-1
137	1171787	23	4.96	-1	-1	-1	-1	-1	-1	-1	-1
138	1173061	25	6.08	0.6336	0	0	0	1	4	12	8
139	1174176	43	6.19	0.847980008	0	0	0	3	7	13	26
140	1174259	16	5.81	0.27734375	0	0	0	0	4	11	1
141	1175106	28	5.71	-1	-1	-1	-1	-1	-1	-1	-1
142	1175144	16	5.38	0.373333333	0	0	0	0	7	7	1
143	1175172	13	4.92	0.532544379	0	0	1	1	9	2	0
144	1175177	15	4.93	0.728888889	0	0	1	3	7	4	0
145	1175329	21	4.86	0.503401361	0	0	0	7	10	4	0
146	1175401	32	5.91	-1	-1	-1	-1	-1	-1	-1	-1
147	1175447	47	5.89	-1	-1	-1	-1	-1	-1	-1	-1
148	1175452	11	5	0.727272727	0	0	1	1	6	3	0
149	1175480	24	5.21	0.664930556	0	0	1	3	10	10	0
150	1176977	57	5.6	0.416128039	0	0	0	3	19	33	2
151	1180786	43	6.23	0.5616	0	0	0	0	9	18	23
152	1180793	29	6.03	-1	-1	-1	-1	-1	-1	-1	-1
153	1181292	10	5.4	0.44	0	0	0	1	4	5	0
154	1182078	39	5.67	0.581196581	0	0	0	4	8	24	3
155	1182257	22	5.32	0.580578512	0	0	0	3	10	8	1
156	1183984	18	5.89	0.209876543	0	0	0	0	3	14	1
157	1184079	47	5.87	0.249565972	0	0	0	0	10	35	3
158	1185009	20	5.1	0.3475	0	0	0	3	13	4	0
159	1185216	29	5.79	0.472222222	0	0	0	0	10	15	5
160	1186186	12	4.75	1.020833333	0	0	2	2	5	3	0
161	1186340	42	6.17	0.290968091	0	0	0	0	3	29	11
162	1187747	10	5.1	0.29	0	0	0	1	7	2	0
163	1188795	11	5.09	1.173553719	0	0	2	0	4	5	0
164	1189739	12	5	1	0	0	1	3	3	5	0
165	1190096	11	4.55	0.975206612	0	0	2	3	4	2	0
166	1193484	11	4.82	0.694214876	0	0	0	5	3	3	0
167	1194598	14	5.29	0.346938776	0	0	0	1	8	5	0
168	1198129	21	4.86	0.503401361	0	0	0	7	10	4	0
169	1200061	31	5.61	0.430801249	0	0	0	1	12	16	2
170	1202838	28	5.39	-1	-1	-1	-1	-1	-1	-1	-1
171	1202847	28	5.36	-1	-1	-1	-1	-1	-1	-1	-1
172	1203647	13	5.23	0.639053254	0	0	0	2	7	3	1
173	1204130	10	5	0.8	0	0	0	4	2	4	0
174	1206288	26	5.19	0.539940828	0	0	0	5	11	10	0
175	1208422	14	5.07	0.494897959	0	0	0	3	7	4	0
176	1209666	16	6.31	0.328888889	0	0	0	0	1	9	5
177	1210163	24	5.25	0.520833333	0	0	0	4	10	10	0
178	1210553	21	5.43	0.530612245	0	0	0	2	9	9	1
179	1212818	15	5.2	0.693333333	0	0	0	4	4	7	0
180	1213294	11	5.18	0.472222222	0	0	0	2	6	4	0
181	1216007	21	5.95	-1	-1	-1	-1	-1	-1	-1	-1
182	1218468	12	5.75	-1	-1	-1	-1	-1	-1	-1	-1
183	1218542	23	5.13	0.374291115	0	0	0	3	14	6	0
184	1220013	27	5.93	0.280612245	0	0	0	1	2	23	2
185	1220640	16	5.31	0.33984375	0	0	0	1	9	6	0
186	1221463	63	5.71	0.394557823	0	0	0	1	21	36	5
187	1223340	17	5.94	-1	-1	-1	-1	-1	-1	-1	-1
188	1224068	36	5.94	0.462222222	0	0	0	0	9	24	12
189	1224747	11	4.91	0.809917355	0	0	1	2	5	3	0
190	1226205	49	5.84	-1	-1	-1	-1	-1	-1	-1	-1
191	1226350	43	5.84	-1	-1	-1	-1	-1	-1	-1	-1
192	1226354	32	6.16	-1	-1	-1	-1	-1	-1	-1	-1
193	1227813	145	5.71	0.414078478	0	0	1	4	36	95	9
194	1229759	10	5.6	-1	-1	-1	-1	-1	-1	-1	-1
195	1232117	12	5.5	0.583333333	0	0	0	1	5	5	1
196	1234349	22	5.95	-1	-1	-1	-1	-1	-1	-1	-1
197	1235525	49	5.84	-1	-1	-1	-1	-1	-1	-1	-1
198	1235793	49	5.53	0.534777176	0	0	0	5	15	27	2
199	1237131	11	6	-1	-1	-1	-1	-1	-1	-1	-1
200	1238032	15	5.87	0.30859375	0	0	0	1	0	14	1
201	1239621	10	5.6	0.44	0	0	0	0	5	4	1
202	1239656	18	5.5	0.249307479	0	0	0	0	9	10	0
203	1239663	10	5.8	0.56	0	0	0	0	4	4	2
204	1240854	27	5.33	0.738520408	0	0	0	4	12	9	3
205	1244765	33	6.21	0.217142857	0	0	0	0	1	26	8
206	1245093	41	6.34	0.480987654	0	0	0	0	6	19	20
207	124825	19	4.89	-1	-1	-1	-1	-1	-1	-1	-1
208	1248408	22	5.86	-1	-1	-1	-1	-1	-1	-1	-1
209	1248410	16	6.25	0.530612245	0	0	0	0	3	6	12
210	124845	10	4.7	1.01	0	0	1	4	2	3	0
211	1250216	12	4.67	0.388888889	0	0	0	5	6	1	0
212	1251026	30	6.3	0.384375	0	0	0	0	3	19	18
213	1251698	36	5.64	0.341820988	0	0	0	2	9	25	0
214	125290	13	4.62	0.888888889	0	0	0	8	0	4	0
215	1254576	13	5.46	0.402366864	0	0	0	1	5	7	0
216	1254590	30	4.87	0.782222222	0	0	1	10	12	6	1
217	1254609	10	5.2	0.76	0	0	1	0	5	4	0
218	1255307	44	6.25	0.312381853	0	0	0	0	3	29	14
219	1255707	15	5.33	0.4375	0	0	0	2	8	6	0
220	1256476	36	5.31	0.601080247	0	0	0	7	11	18	0
221	1256486	10	6	0.2	0	0	0	0	1	8	1
222	1256940	28	5.93	0.441135734	0	0	0	1	4	24	9
223	1257733	20	6.25	0.204081633	0	0	0	0	0	15	6
224	1258064	20	5.3	0.41	0	0	0	2	10	8	0
225	1258070	12	5	0.380165289	0	0	0	1	6	4	0
226	1258078	14	5.79	0.596938776	0	0	0	1	3	8	2
227	125939	14	4.36	1.076388889	0	0	1	7	0	4	0
228	125940	12	3.92	0.81	0	0	1	7	0	2	0
229	1259966	39	6.18	0.48088843	0	0	0	1	4	24	15
230	1261820	38	5.63	-1	-1	-1	-1	-1	-1	-1	-1
231	1262011	22	5.95	0.267751479	0	0	0	0	4	19	3
232	126346	15	3.87	0.84	0	0	0	7	0	3	0
233	1263592	53	5.92	0.61443787	0	0	1	0	15	33	16
234	1265616	52	6.33	0.358780549	0	0	0	0	4	32	27
235	1265947	31	6.32	0.395792242	0	0	0	0	3	17	19
236	1267095	12	5.42	0.743055556	0	0	0	2	4	5	1
237	126843	16	5	0.888888889	0	0	0	4	0	8	0
238	1269076	30	6.43	0.441207076	0	0	0	0	3	11	17
239	1270197	24	5.92	-1	-1	-1	-1	-1	-1	-1	-1
240	1270211	32	6.03	0.656326531	0	0	0	2	5	18	10
241	1271850	17	6.18	-1	-1	-1	-1	-1	-1	-1	-1
242	1272017	16	5.5	0.712802768	0	0	0	1	8	5	3
243	1272115	15	5.73	-1	-1	-1	-1	-1	-1	-1	-1
244	1272772	79	6	-1	-1	-1	-1	-1	-1	-1	-1
245	1272774	208	6.69	0.271308523	0	0	0	0	8	52	178
246	1274957	55	5.22	0.825123967	0	0	2	10	19	22	2
247	1275701	15	6.4	0.234375	0	0	0	0	0	10	6
248	1276821	16	5.69	-1	-1	-1	-1	-1	-1	-1	-1
249	1277537	39	5.62	0.59566075	0	0	0	5	7	25	2
250	1280468	23	6.13	-1	-1	-1	-1	-1	-1	-1	-1
251	1281234	65	6.12	-1	-1	-1	-1	-1	-1	-1	-1
252	1281603	16	4.69	0.33984375	0	0	0	6	9	1	0
253	1283052	33	6.12	0.506245891	0	0	0	1	4	21	13
254	1285314	15	5.6	0.506666667	0	0	0	1	5	8	1
255	129114	17	3.88	0.84	0	0	0	7	0	3	0
256	1291899	87	5.4	0.685235262	0	0	3	7	30	43	3
257	1294191	26	6.38	0.4704	0	0	0	0	3	10	12
258	1294807	10	5.4	0.24	0	0	0	0	6	4	0
259	1296544	11	5.18	0.694214876	0	0	0	2	6	2	1
260	1296915	47	5.19	0.580353101	0	0	0	10	18	19	0
261	1297017	18	5.94	0.385802469	0	0	0	0	4	11	3
262	1298328	12	5.5	0.25	0	0	0	0	6	6	0
263	1298443	12	6.08	0.284023669	0	0	0	0	1	9	3
264	1298676	10	4.4	0.84	0	0	2	3	4	1	0
265	1299606	12	5.75	0.520833333	0	0	0	1	2	8	1
266	1299746	17	5.24	0.75617284	0	0	0	4	6	7	1
267	1303800	21	5.29	0.3875	0	0	0	2	11	7	0
268	1304301	12	5.5	-1	-1	-1	-1	-1	-1	-1	-1
269	1305466	36	5.08	0.576388889	0	0	1	6	18	11	0
270	1306057	14	6.14	0.343490305	0	0	0	0	2	12	5
271	1307816	32	5.38	-1	-1	-1	-1	-1	-1	-1	-1
272	1310773	17	4.88	0.809688581	0	0	2	2	9	4	0
273	1312056	10	5.5	0.45	0	0	0	1	3	6	0
274	1315180	37	6.43	0.407596786	0	0	0	1	0	18	18
275	1316160	29	5.48	-1	-1	-1	-1	-1	-1	-1	-1
276	1316855	32	5.91	0.209960938	0	0	0	0	5	25	2
277	1316911	22	4.86	1.026859504	0	0	2	6	8	5	1
278	1318588	16	5.94	0.43359375	0	0	0	1	1	12	2
279	1319560	56	5.2	0.622130102	0	0	1	9	25	20	1
280	1321551	18	5.11	-1	-1	-1	-1	-1	-1	-1	-1
281	1325242	17	5.18	0.851211073	0	0	1	3	5	8	0
282	1328002	36	6.14	0.514243974	0	0	0	1	4	20	12
283	1328129	13	5.54	0.402366864	0	0	0	1	4	8	0
284	1328415	10	5.1	0.49	0	0	0	2	5	3	0
285	1328976	10	5.6	-1	-1	-1	-1	-1	-1	-1	-1
286	1329985	19	5.32	0.426592798	0	0	0	2	9	8	0
287	1333188	49	5.14	0.693877551	0	0	1	10	20	17	1
288	1333702	38	5.21	0.980277575	0	0	2	6	14	12	3
289	1335269	49	5.2	0.897126197	0	0	2	9	18	17	3
290	1335825	11	5.36	0.41322314	0	0	0	1	5	5	0
291	1340555	21	5.24	0.467120181	0	0	0	3	10	8	0
292	1340582	35	5.17	0.370612245	0	0	0	4	21	10	0
293	1340676	27	5.19	0.521262003	0	0	0	4	15	7	1
294	1340917	27	6.22	0.320987654	0	0	0	0	2	17	8
295	1342854	79	5.24	0.587726326	0	0	1	11	37	28	2
296	1344129	89	5.39	0.665572529	0	0	2	10	31	43	3
297	1345102	14	5.43	0.244897959	0	0	0	0	8	6	0
298	1345290	55	5.22	0.849451303	0	0	3	8	17	25	1
299	1347135	11	5	0.909090909	0	0	1	2	4	4	0
300	1347336	23	5.43	0.419659735	0	0	0	2	9	12	0
301	1347532	76	5.51	0.355090028	0	0	0	2	35	37	2
302	1348345	13	5.15	0.437869822	0	0	0	2	7	4	0
303	1349570	34	5.06	0.467128028	0	0	0	7	18	9	0
304	1349979	25	6.36	0.390532544	0	0	0	0	2	12	12
305	1350029	20	5.75	0.2875	0	0	0	1	3	16	0
306	1350420	29	5.79	0.439952438	0	0	0	2	4	21	2
307	1351107	22	5.55	0.702479339	0	0	1	1	6	13	1
308	1357975	20	5.65	0.5275	0	0	0	1	7	10	2
309	1358436	13	6.46	0.392857143	0	0	0	0	1	5	8
310	1359454	67	5.6	0.511478421	0	0	0	6	17	40	3
311	1362030	10	4.9	0.89	0	0	1	2	4	3	0
312	1365729	41	5.29	0.484375	0	0	0	4	18	17	1
313	1365884	11	5.64	0.231404959	0	0	0	0	4	7	0
314	1368066	21	5	0.571428571	0	0	1	3	12	5	0
315	1370126	11	5.27	0.972222222	0	0	1	2	3	6	0
316	1370260	36	5.53	0.360339506	0	0	0	1	16	18	1
317	1370316	12	5.42	0.576388889	0	0	0	2	3	7	0
318	1370526	14	5.79	0.31122449	0	0	0	0	4	9	1
319	1370541	59	5.37	0.806666667	0	0	2	6	23	24	5
320	1370849	34	6.21	0.362879239	0	0	0	0	3	22	16
321	1371002	14	5.64	-1	-1	-1	-1	-1	-1	-1	-1
322	1372105	36	4.97	0.856632957	0	0	1	9	17	11	3
323	1373485	33	6.21	-1	-1	-1	-1	-1	-1	-1	-1
324	1373580	20	6.3	0.72	0	0	0	0	6	3	16
325	1374080	57	4.61	1.191735954	0	0	6	20	22	9	6
326	1374700	19	5.79	-1	-1	-1	-1	-1	-1	-1	-1
327	1377553	25	5.32	-1	-1	-1	-1	-1	-1	-1	-1
328	1377645	37	5.3	0.911614317	0	0	2	6	9	19	1
329	1379177	29	6	0.42122449	0	0	0	0	6	20	9
330	1381086	23	6.13	0.360946746	0	0	0	0	3	16	7
331	1383025	29	5.52	0.318668252	0	0	0	1	12	16	0
332	1383612	21	4.95	1.092970522	0	0	2	6	4	9	0
333	1383822	28	5.89	0.238520408	0	0	0	0	5	21	2
334	1385575	39	5.72	0.561472715	0	0	0	3	9	23	4
335	1385583	34	5.56	0.48183391	0	0	0	2	13	17	2
336	1385612	26	5.23	0.485207101	0	0	1	1	15	9	0
337	1386365	25	5.28	0.828402367	0	0	2	1	11	11	1
338	1387004	11	5.09	0.446280992	0	0	0	2	6	3	0
339	1387042	15	5.67	0.488888889	0	0	0	0	7	6	2
340	1387054	21	5.67	0.412698413	0	0	0	1	6	13	1
341	1388961	22	6.09	0.537190083	0	0	0	1	2	13	6
342	1389762	11	5.73	0.561983471	0	0	0	0	5	4	2
343	1390701	14	5.29	-1	-1	-1	-1	-1	-1	-1	-1
344	1391403	69	4.88	0.693131695	0	0	3	20	29	17	0
345	1391761	15	6.33	0.1875	0	0	0	0	0	12	4
346	1391805	10	6.3	0.561983471	0	0	0	0	2	4	5
347	1392850	21	5.71	0.561983471	0	0	0	0	10	8	4
348	1394730	20	4.55	0.8475	0	0	3	6	8	3	0
349	1394897	18	5.33	0.533950617	0	0	0	2	10	5	1
350	1394907	33	5.27	0.748269896	0	0	1	2	20	7	4
351	1394909	11	5.55	0.743055556	0	0	0	2	2	7	1
352	1394920	37	6.08	0.236669102	0	0	0	1	0	31	5
353	1395004	12	5.17	0.805555556	0	0	1	1	5	5	0
354	1395966	31	5.58	-1	-1	-1	-1	-1	-1	-1	-1
355	1397355	10	5	-1	-1	-1	-1	-1	-1	-1	-1
356	1399177	10	5.1	0.512396694	0	0	0	2	5	4	0
357	1401585	25	5.04	0.972222222	0	0	0	8	6	8	2
358	1401712	10	5	0.8	0	0	0	3	5	1	1
359	1402395	34	6.15	0.624375	0	0	0	1	6	16	17
360	1402748	10	5.2	-1	-1	-1	-1	-1	-1	-1	-1
361	1403744	16	5.25	0.678200692	0	0	0	3	7	6	1
362	1403747	19	5.32	0.507936508	0	0	1	0	11	9	0
363	1403775	11	4.09	-1	-1	-1	-1	-1	-1	-1	-1
364	1403817	15	5.33	-1	-1	-1	-1	-1	-1	-1	-1
365	1403890	47	5.74	0.530556813	0	0	0	3	11	28	5
366	1405168	14	5.57	0.244897959	0	0	0	0	6	8	0
367	1405194	54	6.13	0.498216409	0	0	0	3	2	37	16
368	1405206	20	5.95	-1	-1	-1	-1	-1	-1	-1	-1
369	1405514	20	5.85	0.4275	0	0	0	1	3	14	2
370	1407925	63	5.44	0.532627866	0	0	0	7	23	31	2
371	1408934	35	6.11	0.409375	0	0	0	0	6	23	11
372	1409262	57	6.37	0.489795918	0	0	0	1	5	26	31
373	1410415	12	6	0.166666667	0	0	0	0	1	10	1
374	1411618	26	5.62	0.467455621	0	0	0	3	4	19	0
375	1411753	12	5.08	0.780612245	0	0	0	4	6	3	1
376	1412215	17	5.76	0.537190083	0	0	0	0	7	10	5
377	1413049	79	4.91	0.865566416	0	0	5	20	34	17	3
378	1414435	34	5.74	0.807605251	0	0	1	3	8	25	10
379	1414464	28	6	0.4375	0	0	0	1	4	21	6
380	1415275	24	5.42	0.576388889	0	0	0	3	9	11	1
381	1415289	13	5.54	0.710059172	0	0	1	0	3	9	0
382	1415763	11	5.36	0.958677686	0	0	0	3	2	5	1
383	1415883	12	5.33	0.722222222	0	0	1	0	5	6	0
384	1415972	14	5.93	-1	-1	-1	-1	-1	-1	-1	-1
385	1416576	89	5.81	0.311829314	0	0	0	2	18	64	5
386	1416734	12	5.92	0.99408284	0	0	1	0	1	8	3
387	1416915	20	6.05	-1	-1	-1	-1	-1	-1	-1	-1
388	1416997	12	5.25	0.6875	0	0	0	3	3	6	0
389	1418128	12	4.92	1.076388889	0	0	1	4	2	5	0
390	1418263	35	5.69	-1	-1	-1	-1	-1	-1	-1	-1
391	1418410	16	5.88	-1	-1	-1	-1	-1	-1	-1	-1
392	1418579	11	3.73	0.89	0	0	4	4	1	1	0
393	1418810	26	6.19	-1	-1	-1	-1	-1	-1	-1	-1
394	1420381	14	5.57	0.773333333	0	0	1	0	4	9	1
395	1421084	16	5.88	0.9375	0	0	0	2	4	6	4
396	1421534	11	5	0.727272727	0	0	1	1	6	3	0
397	1422170	18	5.67	0.986149584	0	0	1	1	7	7	3
398	1422241	10	5.4	0.24	0	0	0	0	6	4	0
399	1422253	21	5	0.571428571	0	0	0	6	9	6	0
400	1422256	55	6.42	0.459183673	0	0	0	1	3	23	29
401	1423500	12	4.92	0.99408284	0	0	1	2	6	3	1
402	1423530	19	5.79	0.57231405	0	0	0	1	5	12	4
403	1423546	16	6.12	0.498269896	0	0	0	0	3	8	6
404	1423677	13	5.08	0.840236686	0	0	0	5	2	6	0
405	1425005	27	5.15	0.563609467	0	0	0	6	11	9	0
406	1425296	11	5.64	0.595041322	0	0	0	1	3	6	1
407	1426415	34	6.18	0.262975779	0	0	0	0	2	24	8
408	1426635	16	4.5	-1	-1	-1	-1	-1	-1	-1	-1
409	1429826	24	5.33	0.555555556	0	0	0	4	8	12	0
410	1429893	26	5.62	0.467455621	0	0	0	2	7	16	1
411	1429905	13	4.77	0.792899408	0	0	1	4	5	3	0
412	1429910	28	5.64	0.443877551	0	0	0	2	7	18	1
413	1430294	24	5	0.75	0	0	1	6	9	8	0
414	1432361	36	5.03	-1	-1	-1	-1	-1	-1	-1	-1
415	1432466	10	4	0.6	0	0	2	7	0	1	0
416	1432474	12	4.25	0.520833333	0	0	2	5	5	0	0
417	1432740	60	5.75	0.635850578	0	0	0	6	10	37	8
418	1433561	18	5.56	0.443213296	0	0	0	1	6	11	1
419	1433619	10	5.6	0.41	0	0	0	0	4	5	1
420	1434348	24	5.5	0.75	0	0	0	4	6	12	2
421	1435020	11	5.45	0.429752066	0	0	0	1	4	6	0
422	1435261	34	5.59	0.404897959	0	0	0	2	10	22	1
423	1435591	20	5.35	0.443213296	0	0	0	2	8	9	0
424	1435670	27	5.96	0.444444444	0	0	0	0	6	15	6
425	1436381	20	5.15	0.6275	0	0	1	2	10	7	0
426	1437124	14	6	0.285714286	0	0	0	0	2	10	2
427	1437377	23	6.43	0.4	0	0	0	0	2	11	12
428	1437405	62	5.18	0.770760548	0	0	2	12	21	25	1
429	1438493	51	5.92	-1	-1	-1	-1	-1	-1	-1	-1
430	1439972	11	4.82	1.05785124	0	0	1	4	2	4	0
431	1440285	11	6.18	0.330578512	0	0	0	0	1	7	3
432	1440317	10	5.7	0.41	0	0	0	1	1	8	0
433	1440410	10	5.8	0.36	0	0	0	1	0	9	0
434	1440466	26	5.08	-1	-1	-1	-1	-1	-1	-1	-1
435	1441499	40	5.6	0.49	0	0	1	2	9	28	0
436	1441751	14	5.79	0.648888889	0	0	0	1	3	8	3
437	1442641	13	5.77	0.792899408	0	0	0	1	4	5	3
438	1445351	13	4.92	0.686390533	0	0	0	5	4	4	0
439	144537	11	4.09	1.333333333	0	0	1	1	1	3	0
440	1445659	21	5.33	0.603174603	0	0	0	4	6	11	0
441	1445704	22	4.95	0.316115702	0	0	0	4	15	3	0
442	1446654	36	5.58	0.520833333	0	0	0	3	11	20	2
443	1447132	11	5.64	0.41322314	0	0	0	1	2	8	0
444	1447162	31	4.97	0.676378772	0	0	1	7	16	6	1
445	1447177	26	5.5	0.403846154	0	0	0	2	9	15	0
446	1448987	11	4.82	0.138888889	0	0	0	2	10	0	0
447	1450602	25	6.24	0.2624	0	0	0	0	1	17	7
448	1450785	11	5.27	0.925619835	0	0	1	1	3	6	0
449	1452925	31	5.48	0.674012856	0	0	1	2	11	17	2
450	1453509	15	4.6	0.918367347	0	0	2	3	6	3	0
451	1453690	12	5.83	0.305555556	0	0	0	0	3	8	1
452	1454212	12	6.58	0.247933884	0	0	0	0	0	5	6
453	1455386	27	5.11	0.617283951	0	0	1	4	13	9	0
454	1457870	24	5.04	0.539930556	0	0	0	6	11	7	0
455	1459518	38	5.74	0.670562454	0	0	1	1	9	21	5
456	1460494	10	5.2	0.330578512	0	0	0	1	7	3	0
457	1460994	46	6	-1	-1	-1	-1	-1	-1	-1	-1
458	1461725	32	6.56	0.490358127	0	0	0	1	1	10	21
459	1462328	18	5.44	0.595155709	0	0	1	0	7	9	0
460	1462358	36	6.08	1.117192148	0	0	1	2	8	8	22
461	1464686	21	5.81	-1	-1	-1	-1	-1	-1	-1	-1
462	1464864	15	6	0.266666667	0	0	0	0	2	11	2
463	1465326	13	5.23	0.485207101	0	0	0	2	6	5	0
464	1466945	56	5.82	-1	-1	-1	-1	-1	-1	-1	-1
465	1467122	14	6.14	0.456747405	0	0	0	0	3	9	5
466	1467423	12	4.83	1.138888889	0	0	1	4	4	2	1
467	1467941	21	5.81	0.860879905	0	0	1	1	4	15	8
468	1468522	10	4.1	-1	-1	-1	-1	-1	-1	-1	-1
469	1469172	31	5.19	1.059313215	0	0	2	7	6	15	1
470	1470842	11	5.18	1.454545455	0	0	0	6	1	2	2
471	1471957	48	5.44	0.787760417	0	0	1	7	13	24	3
472	1472036	10	5.6	0.24	0	0	0	0	4	6	0
473	1475842	24	5.42	0.743055556	0	0	0	4	8	10	2
474	1476236	13	6	0.307692308	0	0	0	0	2	9	2
475	1476246	10	6.4	0.694214876	0	0	0	1	0	6	4
476	1476483	45	5.87	0.597222222	0	0	0	3	10	27	8
477	1476485	29	6.03	0.516052319	0	0	0	0	7	14	8
478	1476495	45	6.09	0.290629244	0	0	0	0	5	33	9
479	1476501	30	6	0.643598616	0	0	0	2	6	18	8
480	1476512	23	5.78	0.604914934	0	0	0	1	7	11	4
481	1476520	32	5.44	0.955017301	0	0	0	6	12	10	6
482	1476526	29	5.86	0.256837099	0	0	0	0	6	21	2
483	1476527	17	5.47	0.602076125	0	0	0	2	6	8	1
484	1476533	22	6.14	0.4	0	0	0	0	3	14	8
485	1476535	34	6.26	0.36244898	0	0	0	0	3	20	12
486	1476810	25	6.32	0.3776	0	0	0	0	2	13	10
487	1476883	95	5.17	0.624265928	0	0	2	15	45	31	2
488	1477474	43	6	-1	-1	-1	-1	-1	-1	-1	-1
489	1478364	28	6.14	0.487514863	0	0	0	1	2	17	9
490	1478368	50	5.76	0.474482249	0	0	0	2	13	31	6
491	1478478	36	5.44	0.635802469	0	0	0	5	12	17	2
492	1481720	44	6.09	-1	-1	-1	-1	-1	-1	-1	-1
493	1481786	17	5.29	0.555555556	0	0	1	0	9	8	0
494	1482831	12	5.92	0.243055556	0	0	0	0	2	9	1
495	1483401	11	4.91	0.666666667	0	0	1	2	8	4	0
496	1483499	12	4.83	-1	-1	-1	-1	-1	-1	-1	-1
497	1483517	14	4.86	0.551020408	0	0	0	4	9	0	1
498	1483530	13	4.46	-1	-1	-1	-1	-1	-1	-1	-1
499	1483652	15	5.93	0.375	0	0	0	1	0	13	2
500	1483661	36	5.44	1.005113221	0	0	2	5	7	20	3
501	1483731	13	6	0.307692308	0	0	0	0	2	9	2
502	1484735	21	5.24	1.126033058	0	0	2	1	10	6	3
503	1485538	35	5.77	-1	-1	-1	-1	-1	-1	-1	-1
504	1485842	11	4.82	-1	-1	-1	-1	-1	-1	-1	-1
505	1486166	15	5.2	0.56	0	0	0	3	6	6	0
506	1486202	17	5	0.588235294	0	0	1	2	10	4	0
507	1486206	31	4.77	0.884495317	0	0	3	8	14	5	1
508	1486282	14	5.71	0.204081633	0	0	0	0	4	10	0
509	1486291	26	5.19	0.463017751	0	0	0	4	13	9	0
510	1486489	14	5.29	0.346938776	0	0	0	1	8	5	0
511	1487062	10	5.1	0.839506173	0	0	0	2	4	2	1
512	1487529	11	5.73	0.6875	0	0	0	1	3	6	2
513	1488984	29	5.97	0.565555556	0	0	0	2	3	19	6
514	1492588	77	5.78	0.379827964	0	0	0	2	19	50	6
515	1492597	31	5.58	0.566077003	0	0	0	2	12	14	3
516	1493474	15	4.33	0.888888889	0	0	3	6	4	2	0
517	1494299	11	6	0.181818182	0	0	0	0	1	9	1
518	1494302	41	6.37	0.282541322	0	0	0	0	1	25	18
519	1495373	12	4.92	0.561983471	0	0	0	2	4	5	0
520	1495534	23	5.3	1.081285444	0	0	1	4	8	7	3
521	1496737	10	4.3	1.580246914	0	0	3	1	2	3	0
522	1496762	77	4.91	0.991735537	0	0	6	22	24	23	2
523	1497346	66	5.79	-1	-1	-1	-1	-1	-1	-1	-1
524	1497421	83	5.54	0.669342561	0	0	2	6	25	46	6
525	1499107	13	5.69	0.674556213	0	0	0	1	4	6	2
526	1502484	17	5.47	1.07266436	0	0	1	2	4	8	2
527	1502825	11	5.45	0.79338843	0	0	0	2	3	5	1
528	1504547	15	6.33	0.355555556	0	0	0	0	1	8	6
529	150622	11	3.45	0.444444444	0	0	4	4	1	0	0
530	1507156	17	5.12	0.92733564	0	0	1	3	7	5	1
531	1507901	16	5.81	0.380622837	0	0	0	0	5	10	2
532	1510743	71	5.87	0.307875422	0	0	0	1	13	51	6
533	1512206	28	4.75	1.14863258	0	0	3	10	9	5	2
534	1512253	23	5.04	0.956521739	0	0	0	9	7	5	2
535	1512298	57	6.23	0.423324151	0	0	0	1	4	35	26
536	1512579	13	5.46	1.422222222	0	0	1	3	4	4	3
537	1512662	38	5.76	0.443905817	0	0	0	0	14	19	5
538	1512718	38	5.5	0.934210526	0	0	2	3	11	18	4
539	1513076	107	5.83	0.719364137	0	0	2	7	16	64	18
540	1513099	11	5.45	0.975206612	0	0	1	1	1	8	0
541	1513815	15	4.93	0.595555556	0	0	0	5	6	4	0
542	1513840	12	4.92	0.876033058	0	0	0	3	4	3	1
543	1513985	16	5.88	-1	-1	-1	-1	-1	-1	-1	-1
544	1514708	10	5.6	0.44	0	0	0	1	2	7	0
545	1514752	25	6.16	-1	-1	-1	-1	-1	-1	-1	-1
546	1515257	26	5.27	0.50443787	0	0	0	4	11	11	0
547	1515284	17	5.53	0.366782007	0	0	0	1	6	10	0
548	1515896	32	5.38	1.296875	0	0	2	7	4	15	4
549	1516611	18	5.61	0.570987654	0	0	0	2	4	11	1
550	1517331	66	6.48	0.403188692	0	0	0	0	6	25	47
551	1518003	23	5.61	0.586011342	0	0	0	2	7	12	2
552	1518879	39	5.59	0.481856038	0	0	0	3	12	24	2
553	1519025	25	5.4	0.816326531	0	0	1	3	9	13	2
554	1520322	29	5.9	-1	-1	-1	-1	-1	-1	-1	-1
555	1521752	39	5.56	0.758711374	0	0	1	4	9	22	3
556	1521842	12	5.25	0.6875	0	0	0	2	6	3	1
557	1522303	24	5.88	0.479591837	0	0	0	1	6	17	4
558	1522698	10	5.6	0.64	0	0	0	1	3	5	1
559	1523215	13	5.38	-1	-1	-1	-1	-1	-1	-1	-1
560	1523225	25	5	1.2	0	0	2	8	4	10	1
561	1523255	20	5.65	0.580578512	0	0	0	2	5	13	2
562	1525625	20	6.25	0.706597222	0	0	0	1	3	8	12
563	1525633	17	6.41	0.75	0	0	0	1	2	3	14
564	1526551	32	6.16	0.619375	0	0	0	2	2	17	19
565	1526849	11	5.09	1	0	0	1	3	3	5	0
566	1526987	12	5.25	0.854166667	0	0	1	1	4	6	0
567	1527321	19	4.89	1.041551247	0	0	2	5	5	7	0
568	1527641	45	5.91	-1	-1	-1	-1	-1	-1	-1	-1
569	1528259	11	5.18	0.69	0	0	0	3	3	4	0
570	1528432	46	6.28	0.603566529	0	0	0	0	10	14	30
571	1529492	20	5.75	0.276643991	0	0	0	1	3	17	0
572	1530929	50	6.02	0.549019608	0	0	0	2	8	29	12
573	1531666	10	4.8	0.96	0	0	0	5	3	1	1
574	1531719	13	4.92	-1	-1	-1	-1	-1	-1	-1	-1
575	1531816	30	5.3	0.734651405	0	0	1	3	14	11	2
576	1532198	15	5.33	0.755555556	0	0	0	2	8	3	2
577	1533094	17	5.82	-1	-1	-1	-1	-1	-1	-1	-1
578	1534626	10	5.3	0.61	0	0	0	1	6	2	1
579	1534751	13	5.15	0.591715976	0	0	0	3	5	5	0
580	1535132	36	6.14	0.477014602	0	0	0	1	4	24	14
581	1535371	16	4.19	0.77734375	0	0	3	9	2	2	0
582	1535573	15	4.33	0.622222222	0	0	2	7	5	1	0
583	1536202	14	5.79	0.739795918	0	0	0	2	1	9	2
584	1536575	15	5.6	0.915555556	0	0	0	1	5	4	5
585	1536668	16	4	1.715555556	0	0	5	3	3	3	1
586	1536707	11	6.36	0.148760331	0	0	0	0	0	9	2
587	1536829	20	5.7	0.752834467	0	0	0	2	5	10	4
588	1536976	11	4.64	0.776859504	0	0	1	4	4	2	0
589	1537289	10	5.7	0.61	0	0	0	1	2	6	1
590	1537300	12	5.83	0.305555556	0	0	0	0	3	8	1
591	1537447	26	5.42	0.768175583	0	0	1	2	9	13	2
592	1537465	13	4.77	1.923469388	0	0	2	5	2	2	3
593	1537691	20	4.65	0.7275	0	0	2	6	9	3	0
594	1537982	18	5.94	0.6	0	0	0	1	3	11	5
595	1538460	17	5.06	1.937716263	0	0	2	6	2	3	4
596	1538543	16	5.56	0.477508651	0	0	0	1	6	9	1
597	1538683	43	5.56	0.525689562	0	0	0	4	13	24	2
598	1539243	15	5.53	0.75	0	0	0	2	6	6	2
599	1539306	22	5.27	1.317708333	0	0	1	5	7	6	5
600	1539524	33	5.91	0.808163265	0	0	1	2	5	20	7
601	1540505	15	4.93	0.862222222	0	0	1	3	8	2	1
602	1540745	19	4.47	0.775623269	0	0	3	6	8	2	0
603	1541625	12	5.25	0.852071006	0	0	0	2	6	3	2
604	1541762	14	5.21	1.31122449	0	0	1	4	1	7	1
605	1542420	14	4.79	1.025510204	0	0	1	6	2	5	0
606	1542630	13	5	0.307692308	0	0	0	2	9	2	0
607	1542805	11	3.91	0.446280992	0	0	3	6	2	0	0
608	1542898	17	4.41	0.595155709	0	0	1	10	4	2	0
609	1543014	22	6	0.545454545	0	0	0	1	3	13	5
610	1543036	16	6.19	0.720221607	0	0	0	1	2	7	9
611	1543042	27	6.15	0.464646465	0	0	0	0	4	14	15
612	1543258	67	4.93	0.615384615	0	0	1	16	31	16	1
613	1543735	12	4.92	-1	-1	-1	-1	-1	-1	-1	-1
614	1543901	14	5.64	0.658163265	0	0	0	1	5	6	2
615	1543922	13	6.31	0.1875	0	0	0	0	0	9	3
616	1543965	17	4.88	0.809688581	0	0	1	5	6	5	0
617	1544840	42	6.07	0.70557656	0	0	0	1	11	16	18
618	1545044	28	6.14	0.651404787	0	0	0	1	5	13	12
619	1545243	11	5.09	1.173553719	0	0	1	2	4	3	1
620	1545559	11	5.91	-1	-1	-1	-1	-1	-1	-1	-1
621	1545972	13	5	-1	-1	-1	-1	-1	-1	-1	-1
622	1546047	24	6.12	-1	-1	-1	-1	-1	-1	-1	-1
623	1546212	27	5.19	0.669410151	0	0	0	5	14	6	2
624	1546222	10	4.5	1.25	0	0	2	3	4	0	1
625	1546259	12	4.33	1.055555556	0	0	2	6	3	0	1
626	1546261	17	4.41	0.830449827	0	0	2	8	6	0	1
627	1547009	10	5.3	-1	-1	-1	-1	-1	-1	-1	-1
628	1549046	11	4.09	0.628099174	0	0	3	4	4	0	0
629	1551184	15	6.13	-1	-1	-1	-1	-1	-1	-1	-1
630	1551632	13	5.38	-1	-1	-1	-1	-1	-1	-1	-1
631	1553938	12	4.67	1.388888889	0	0	2	4	3	2	1
632	1553941	11	3.73	-1	-1	-1	-1	-1	-1	-1	-1
633	1553951	20	4.95	0.3475	0	0	0	4	13	3	0
634	1554203	20	5.7	-1	-1	-1	-1	-1	-1	-1	-1
635	1556249	12	6	-1	-1	-1	-1	-1	-1	-1	-1
636	1558090	28	5.25	0.627824019	0	0	0	4	14	9	2
637	1559406	15	4.4	0.506666667	0	0	1	8	5	1	0
638	1559631	11	5.45	1.04	0	0	0	2	4	2	2
639	1559727	13	5.23	-1	-1	-1	-1	-1	-1	-1	-1
640	1560451	10	4.3	0.24691358	0	0	0	5	4	0	0
641	1560791	28	5.86	0.46373365	0	0	0	1	6	18	4
642	1561168	31	5.77	0.694214876	0	0	1	2	3	23	4
643	1561449	44	5.61	0.673580247	0	0	1	3	11	26	4
644	1561683	23	6.17	0.248263889	0	0	0	0	1	17	6
645	1561687	22	5.45	-1	-1	-1	-1	-1	-1	-1	-1
646	1562767	18	6.61	0.359861592	0	0	0	0	1	5	11
647	1563541	22	5.36	-1	-1	-1	-1	-1	-1	-1	-1
648	1564091	15	5.53	1.315555556	0	0	1	2	3	6	3
649	1564113	47	5.57	0.551111111	0	0	0	2	19	19	5
650	1564161	47	5.64	0.741511996	0	0	0	6	11	24	6
651	1564707	13	6.08	0.130177515	0	0	0	0	0	11	2
652	1565840	20	6.05	0.4475	0	0	0	0	4	11	5
653	1565998	10	4.2	0.56	0	0	1	7	1	1	0
654	1566013	24	4.83	1.039930556	0	0	2	5	8	8	1
655	1566031	21	5.14	1.265306122	0	0	2	4	6	7	2
656	1566358	15	5.87	0.274691358	0	0	0	0	3	13	2
657	1566379	19	4.74	1.098765432	0	0	2	4	7	4	1
658	1566598	21	4.76	0.657596372	0	0	1	7	9	4	0
659	1567031	29	5.24	0.596938776	0	0	0	5	13	9	1
660	1567068	29	5.34	0.729591837	0	0	1	3	10	13	1
661	1567779	26	5.69	0.467455621	0	0	0	1	10	13	2
662	1568113	47	6.04	0.501109467	0	0	0	1	7	28	16
663	1568386	52	5.6	-1	-1	-1	-1	-1	-1	-1	-1
664	1569151	23	5.3	0.907372401	0	0	0	6	6	9	2
665	1570601	33	5.94	0.385802469	0	0	0	0	8	22	6
666	1571300	65	6.23	0.539930556	0	0	0	2	6	33	31
667	1572251	10	5	-1	-1	-1	-1	-1	-1	-1	-1
668	1572471	26	4.88	-1	-1	-1	-1	-1	-1	-1	-1
669	1573956	22	5.77	0.820861678	0	0	1	0	5	11	4
670	1575012	16	6	-1	-1	-1	-1	-1	-1	-1	-1
671	1575153	21	5.1	0.467120181	0	0	0	4	11	6	0
672	1575208	27	5.04	0.480109739	0	0	1	3	17	6	0
673	1575321	31	5.77	-1	-1	-1	-1	-1	-1	-1	-1
674	1575614	49	6.2	0.366513953	0	0	0	0	5	29	15
675	1576473	16	6.06	0.30859375	0	0	0	0	2	11	3
676	1578567	15	5.2	0.693333333	0	0	0	4	4	7	0
677	1578644	29	5.52	-1	-1	-1	-1	-1	-1	-1	-1
678	1579348	20	5.2	0.76	0	0	0	5	7	7	1
679	1579352	21	4.76	0.657596372	0	0	0	10	6	5	0
680	1579365	17	5	0.823529412	0	0	1	3	9	3	1
681	1579413	11	4.64	0.854166667	0	0	1	4	4	3	0
682	1579497	23	5.04	0.47637051	0	0	0	4	15	3	1
683	1579550	20	5.05	0.5475	0	0	0	5	9	6	0
684	1579824	20	4.75	-1	-1	-1	-1	-1	-1	-1	-1
685	1580458	54	5.78	0.466358135	0	0	0	2	13	32	6
686	1580773	28	6.46	0.392857143	0	0	0	0	2	10	16
687	1580775	16	6.5	0.648888889	0	0	0	0	3	2	10
688	1581169	22	4.68	1.297052154	0	0	1	10	5	2	3
689	1581403	24	5.38	0.734375	0	0	1	2	9	11	1
690	1582226	10	4.9	0.49	0	0	0	3	5	2	0
691	1582491	11	4.55	0.79338843	0	0	1	5	3	2	0
692	1582515	32	5.62	-1	-1	-1	-1	-1	-1	-1	-1
693	1584384	22	5.59	0.489669421	0	0	0	1	7	12	2
694	1585085	45	6.16	0.860677083	0	0	1	3	2	22	20
695	1585581	10	5.5	0.25	0	0	0	0	5	5	0
696	1585590	22	5.14	1.324263039	0	0	3	1	7	8	2
697	1585644	20	4.5	-1	-1	-1	-1	-1	-1	-1	-1
698	1585668	22	4.5	0.704545455	0	0	2	10	7	3	0
699	1586649	20	4.4	0.87534626	0	0	3	5	8	3	0
700	1588743	42	5.74	0.812358277	0	0	2	1	9	24	6
701	1589636	11	4.64	-1	-1	-1	-1	-1	-1	-1	-1
702	1589656	12	4.92	-1	-1	-1	-1	-1	-1	-1	-1
703	1589659	10	5.5	-1	-1	-1	-1	-1	-1	-1	-1
704	1589671	10	4.2	-1	-1	-1	-1	-1	-1	-1	-1
705	1589720	59	6.15	0.434357943	0	0	0	0	9	32	18
706	1590787	12	6	1.166666667	0	0	0	2	1	4	5
707	1591547	27	6	0.428571429	0	0	0	1	3	19	5
708	1592961	45	5.13	0.604444444	0	0	0	11	17	17	0
709	1593939	24	5.21	1.164930556	0	0	1	6	7	7	3
710	1594187	23	5.09	0.688090737	0	0	1	3	13	5	1
711	1594240	47	5.43	0.712539611	0	0	1	5	17	21	3
712	1594859	10	4.2	0.4375	0	0	0	3	4	1	0
713	1594891	17	6.59	0.24609375	0	0	0	0	0	7	9
714	1595027	24	5.38	-1	-1	-1	-1	-1	-1	-1	-1
715	1595839	17	5.47	0.333333333	0	0	0	0	7	10	1
716	1595845	14	4.71	0.532544379	0	0	0	4	6	3	0
717	1595900	18	5.06	0.532871972	0	0	1	0	10	6	0
718	1595902	13	4.92	0.686390533	0	0	0	5	4	4	0
719	1595911	12	4.25	0.6875	0	0	2	6	3	1	0
720	1596161	15	4.87	1.182222222	0	0	2	3	6	3	1
721	1596829	40	4.97	0.574375	0	0	1	8	23	7	1
722	1597091	10	4.5	0.25	0	0	0	5	5	0	0
723	1597154	10	4.8	1.36	0	0	1	4	2	2	1
724	1597350	12	4.58	0.576388889	0	0	1	4	6	1	0
725	1597362	45	5.09	0.70557656	0	0	1	11	16	18	0
726	1597371	16	4.62	0.734375	0	0	1	7	5	3	0
727	1597498	25	5.96	0.99408284	0	0	1	1	5	11	8
728	1597849	21	5.19	0.630385488	0	0	0	5	7	9	0
729	1598064	22	4.59	-1	-1	-1	-1	-1	-1	-1	-1
730	1599482	16	5.12	0.984375	0	0	0	5	6	3	2
731	1599540	14	5.71	0.775510204	0	0	0	1	5	5	3
732	1601067	26	6.54	0.321428571	0	0	0	0	1	12	15
733	1601111	12	5	0.333333333	0	0	0	2	8	2	0
734	1601121	10	4	0.6	0	0	3	4	3	0	0
735	1601134	12	4.5	0.595041322	0	0	1	3	6	1	0
736	1601310	10	4.9	0.222222222	0	0	0	1	7	1	0
737	1601876	38	5.79	0.654432133	0	0	0	2	12	17	7
738	1602115	10	4.7	0.41	0	0	0	4	5	1	0
739	1602207	22	5.09	-1	-1	-1	-1	-1	-1	-1	-1
740	1602268	40	5.22	0.792899408	0	0	0	9	15	12	3
741	1602378	27	6.22	0.31122449	0	0	0	0	2	18	8
742	1602450	35	5.09	0.668685121	0	0	1	6	17	9	1
743	1602985	38	5.05	0.765522279	0	0	2	4	20	9	2
744	1603430	22	4.86	0.481404959	0	0	0	7	11	4	0
745	1603931	22	6.14	0.390495868	0	0	0	0	3	13	6
746	1604398	24	5.83	0.722222222	0	0	0	3	2	15	4
747	1604788	20	4.1	0.777777778	0	0	4	5	8	1	0
748	1605611	11	5.36	-1	-1	-1	-1	-1	-1	-1	-1
749	1605661	11	4	-1	-1	-1	-1	-1	-1	-1	-1
750	1605662	13	4.77	-1	-1	-1	-1	-1	-1	-1	-1
751	1606592	12	4.83	0.472222222	0	0	0	4	6	2	0
752	1606602	35	4.97	0.770612245	0	0	2	8	14	11	0
753	1607539	10	3.6	0.320987654	0	0	2	6	1	0	0
754	1607788	10	5.6	0.84	0	0	0	1	4	3	2
755	1607852	22	4.55	-1	-1	-1	-1	-1	-1	-1	-1
756	1607991	18	4.17	1.027777778	0	0	6	5	5	2	0
757	1608315	10	5.5	0.45	0	0	0	0	6	3	1
758	1608350	11	4.45	0.611570248	0	0	1	5	4	1	0
759	1608877	13	4.62	0.698224852	0	0	1	5	5	2	0
760	1610113	16	5	0.382222222	0	0	0	2	9	4	0
761	1610902	62	5.34	0.643340271	0	0	0	11	21	28	2
762	161124	45	5.82	0.497417355	0	0	1	1	6	32	4
763	1611489	22	5.59	0.787190083	0	0	0	4	3	13	2
764	1611782	53	5.74	0.917024793	0	0	2	3	13	26	11
765	1613434	19	4.79	0.48199446	0	0	0	7	9	3	0
766	1614838	17	4.18	0.498269896	0	0	3	8	6	0	0
767	1614991	22	6.23	0.4416	0	0	0	1	0	15	9
768	1615004	10	4	0.444444444	0	0	0	7	1	1	0
769	1615006	10	4.6	1.04	0	0	2	2	4	2	0
770	1615440	23	6.43	0.583333333	0	0	0	1	1	7	15
771	1616148	14	5.43	0.658163265	0	0	0	2	6	5	1
772	1616159	12	4.25	0.6875	0	0	2	6	3	1	0
773	1617670	23	5.13	0.722117202	0	0	0	7	6	10	0
774	1618158	12	5.17	0.305555556	0	0	0	1	8	3	0
775	1618299	33	6.45	0.789715335	0	0	0	2	3	7	21
776	1618304	10	6.9	0.09	0	0	0	0	0	1	9
777	1619266	21	5.24	1.01	0	0	0	4	10	2	4
778	1619301	11	4.82	0.330578512	0	0	0	3	7	1	0
779	1619445	26	5.5	0.557692308	0	0	0	3	8	14	1
780	1619736	17	5.35	-1	-1	-1	-1	-1	-1	-1	-1
781	1620207	30	6.1	0.745152355	0	0	0	1	8	11	18
782	1620281	42	5.93	-1	-1	-1	-1	-1	-1	-1	-1
783	1621215	13	6.38	0.390532544	0	0	0	0	1	6	6
784	1622515	31	6.16	0.40234375	0	0	0	0	4	18	10
785	1622843	11	4.36	1.140495868	0	0	3	3	3	2	0
786	1623156	11	5.55	0.975206612	0	0	0	2	3	4	2
787	1623662	89	6.48	0.411654898	0	0	0	2	3	41	65
788	162455	12	4	1.50617284	0	0	4	1	2	2	0
789	1624803	38	5.68	0.637119114	0	0	0	2	14	16	6
790	1625369	10	5	1	0	0	0	4	3	2	1
791	1625415	20	5.4	0.74	0	0	0	4	5	10	1
792	1625523	22	6.32	0.595155709	0	0	0	1	3	11	19
793	1626485	17	6.82	0.132963989	0	0	0	0	0	3	16
794	1627272	12	4.25	1.107438017	0	0	3	4	2	2	0
795	1628711	20	5.95	0.6475	0	0	0	1	4	10	5
796	1628920	22	5.23	0.811983471	0	0	1	2	12	5	2
797	1629227	25	5.36	0.8704	0	0	0	7	3	14	1
798	163014	40	5.65	0.837606838	0	0	2	1	10	21	5
799	163034	14	4.79	0.727272727	0	0	1	1	6	3	0
800	163036	37	5.51	0.680788897	0	0	1	3	10	21	2
801	163037	21	5.1	0.56	0	0	0	4	8	8	0
802	163038	23	4.35	0.7475	0	0	2	8	7	3	0
803	1630541	21	4.81	0.725623583	0	0	1	7	8	5	0
804	1630802	25	6.24	0.8224	0	0	0	2	2	9	12
805	1631935	11	4.36	0.61	0	0	1	6	2	1	0
806	1632324	10	5.9	0.378698225	0	0	0	1	0	11	1
807	1632430	48	5.6	0.614149306	0	0	0	3	19	20	6
808	1633008	26	6.31	0.573333333	0	0	0	1	2	11	16
809	1633185	20	5.3	0.91	0	0	1	2	9	6	2
810	1633227	22	5.5	0.886363636	0	0	1	2	6	11	2
811	1633249	50	5.54	1.0484	0	0	2	5	16	18	9
812	1633252	65	5.71	0.743801653	0	0	0	6	18	30	12
813	1633264	13	5.38	0.544378698	0	0	0	1	7	4	1
814	1633268	10	5.4	0.24	0	0	0	0	6	4	0
815	1633271	10	5.1	0.69	0	0	0	2	6	1	1
816	1633277	12	5.33	0.429752066	0	0	0	1	4	6	0
817	1633282	13	4.77	0.485207101	0	0	0	5	6	2	0
818	1633417	20	5.1	0.79	0	0	0	6	7	6	1
819	1634460	23	4.96	1.206597222	0	0	4	3	7	10	0
820	1634532	20	4.8	0.76	0	0	1	7	7	5	0
821	1634574	27	4.85	0.496570645	0	0	1	6	16	4	0
822	1635353	21	4.95	0.712018141	0	0	0	7	9	4	1
823	1635460	19	4.53	0.565096953	0	0	2	6	10	1	0
824	1635471	22	4.95	0.225206612	0	0	0	3	17	2	0
825	1635483	45	5.31	0.525432099	0	0	0	6	20	18	1
826	1635532	16	5.31	0.71484375	0	0	0	3	6	6	1
827	1635549	11	5.27	0.925619835	0	0	0	3	3	4	1
828	1636894	25	5.32	0.6976	0	0	1	3	8	13	0
829	1638153	13	4.85	0.284023669	0	0	0	3	9	1	0
830	1639364	10	3.8	0.9375	0	0	2	3	2	1	0
831	1639371	64	5.64	0.573974609	0	0	0	5	19	34	6
832	1639402	12	5.83	0.472222222	0	0	0	0	4	6	2
833	1639973	26	5.12	0.871301775	0	0	1	5	12	6	2
834	164014	11	4.18	1.472222222	0	0	1	2	0	3	0
835	1640568	11	6.36	0.375	0	0	0	0	1	6	9
836	1641037	10	4.3	0.61	0	0	2	3	5	0	0
837	1641050	11	4.18	0.876033058	0	0	3	4	3	1	0
838	1641471	52	5.17	0.566198225	0	0	0	9	27	14	2
839	1641874	15	3.73	1.388888889	0	0	4	3	2	3	0
840	1642054	84	5.73	0.696187128	0	0	1	5	22	44	14
841	1642225	46	5.26	0.627599244	0	0	0	8	20	16	2
842	1643247	28	6.43	0.527006173	0	0	0	1	2	10	23
843	1644962	13	5.15	0.591715976	0	0	0	3	5	5	0
844	1645168	15	5.6	0.506666667	0	0	0	1	5	8	1
845	1645293	10	5	0.8	0	0	1	1	5	3	0
846	1646400	34	6.32	0.56758034	0	0	0	1	5	18	22
847	1646612	15	6.2	0.5625	0	0	0	0	3	6	7
848	1646613	12	5.25	0.354166667	0	0	0	1	7	4	0
849	1647322	40	6.17	0.785875962	0	0	1	1	5	18	22
850	1648338	10	4.6	0.44	0	0	0	5	4	1	0
851	1648758	25	6.08	0.532544379	0	0	0	1	3	15	7
852	1648940	15	4.47	0.248888889	0	0	0	8	7	0	0
853	1648992	49	5.69	0.86547272	0	0	0	6	13	20	10
854	1649139	13	5.15	1.207100592	0	0	2	0	6	4	1
855	1649148	10	4.9	0.49	0	0	0	3	5	2	0
856	1649168	21	5.76	-1	-1	-1	-1	-1	-1	-1	-1
857	1649192	17	4.47	1.08984375	0	0	2	6	3	5	0
858	1650093	28	5.93	-1	-1	-1	-1	-1	-1	-1	-1
859	1651124	10	5.3	0.41	0	0	0	0	8	1	1
860	1651977	11	5	0.545454545	0	0	0	3	5	3	0
861	1652030	14	5.71	0.346938776	0	0	0	1	2	11	0
862	1652410	13	4.85	1.053254438	0	0	1	4	5	2	1
863	1653632	31	6.13	0.693028096	0	0	0	1	6	12	12
864	1654199	15	5.6	0.506666667	0	0	0	1	5	8	1
865	1654990	10	4	0.2	0	0	1	8	1	0	0
866	1655027	21	5.76	0.657596372	0	0	0	1	7	9	4
867	1655028	11	4.27	0.561983471	0	0	1	7	2	1	0
868	1655315	10	5	1	0	0	0	4	3	2	1
869	1655321	11	4.27	0.380165289	0	0	1	6	4	0	0
870	1655324	10	4	0.839506173	0	0	2	4	2	1	0
871	1655331	11	3.18	0.408163265	0	0	2	4	1	0	0
872	1655463	13	4.69	1.136094675	0	0	2	3	6	1	1
873	1655477	20	5.4	0.44	0	0	0	1	11	7	1
874	1655797	14	4.43	0.673469388	0	0	3	2	9	0	0
875	1655877	11	5	1.272727273	0	0	0	5	3	1	2
876	1656371	10	4.4	0.24691358	0	0	0	4	5	0	0
877	1656568	16	4.94	0.648888889	0	0	0	3	8	3	1
878	1656594	10	3.5	0.469135802	0	0	5	3	1	0	0
879	1656602	10	4.8	0.96	0	0	0	5	3	1	1
880	1657421	10	4.2	0.56	0	0	1	7	1	1	0
881	1658076	12	3.83	0.363636364	0	0	2	7	2	0	0
882	1658158	23	5.7	0.835538752	0	0	0	2	9	7	5
883	1658233	10	4.9	0.49	0	0	0	3	5	2	0
884	1658238	10	5.7	0.61	0	0	0	0	5	3	2
885	1658242	15	5	0.666666667	0	0	1	2	8	4	0
886	1658264	15	5.07	0.595555556	0	0	0	4	6	5	0
887	1658270	10	4.3	1.358024691	0	0	1	5	1	1	1
888	1658276	12	5.33	0.722222222	0	0	0	2	5	4	1
889	1658279	10	4.5	0.45	0	0	1	3	6	0	0
890	1658798	63	6.21	0.483398438	0	0	0	1	7	33	23
891	1658954	11	4.73	0.561983471	0	0	0	5	4	2	0
892	1658963	11	4.27	0.561983471	0	0	2	4	5	0	0
893	1659307	31	5.94	0.514233242	0	0	0	0	8	16	9
894	1660029	10	4.6	0.44	0	0	0	5	4	1	0
895	1660502	15	5.07	-1	-1	-1	-1	-1	-1	-1	-1
896	1660713	16	4.75	0.5625	0	0	0	7	6	3	0
897	1661062	23	5.61	0.586011342	0	0	0	2	7	12	2
898	1662429	30	5.87	0.515555556	0	0	0	1	7	17	5
899	1662513	11	3.73	0.380165289	0	0	4	6	1	0	0
900	1662668	10	4.4	0.64	0	0	1	5	3	1	0
901	1663376	32	5.75	0.875	0	0	0	4	7	14	7
902	1664135	13	4.85	0.899408284	0	0	1	3	7	1	1
903	1664145	14	4.71	1.147928994	0	0	1	4	4	3	1
904	1664164	13	4.15	0.888888889	0	0	2	6	2	2	0
905	1664481	15	5.2	0.693333333	0	0	0	3	7	4	1
906	1664628	10	3.7	0.9375	0	0	2	3	2	1	0
907	1665079	11	4.36	0.41322314	0	0	0	8	2	1	0
908	1665088	17	5.06	0.761245675	0	0	0	5	7	4	1
909	1665095	11	4.91	0.991735537	0	0	1	3	3	4	0
910	1665276	10	4	0.6	0	0	3	4	3	0	0
911	1666158	14	4.79	0.454081633	0	0	0	5	7	2	0
912	1666386	18	5.61	0.793209877	0	0	0	2	6	7	3
913	1666393	12	4.75	0.363636364	0	0	0	2	7	2	0
914	1666564	10	4.6	1.04	0	0	2	2	4	2	0
915	1666587	27	5.67	0.814814815	0	0	0	3	8	11	5
916	1667231	56	6.11	0.502232143	0	0	0	1	8	30	17
917	1667305	10	4.4	-1	-1	-1	-1	-1	-1	-1	-1
918	1668080	10	4.4	0.64	0	0	1	5	3	1	0
919	1668995	42	6.07	0.506841166	0	0	0	0	9	20	12
920	1670298	11	5.18	0.694214876	0	0	0	3	3	5	0
921	1672189	42	5.95	0.716918715	0	0	1	0	10	21	14
922	1672310	12	4.75	0.854166667	0	0	1	4	4	3	0
923	1672455	10	4.7	0.41	0	0	0	4	5	1	0
924	1672775	11	4.27	0.198347107	0	0	0	8	3	0	0
925	1672799	11	5.09	0.628099174	0	0	0	3	4	4	0
926	1672808	16	5	0.625	0	0	0	4	9	2	1
927	1673050	10	4.9	0.89	0	0	1	2	4	3	0
928	1673084	15	5.27	0.462222222	0	0	0	2	7	6	0
929	1673111	10	5.4	1.24	0	0	1	1	2	5	1
930	1673176	24	5.71	1.039930556	0	0	0	4	5	9	6
931	1673266	36	6	0.777777778	0	0	0	2	8	14	12
932	1673974	33	6.12	0.465306122	0	0	0	0	6	18	11
933	1674085	16	6.56	0.366782007	0	0	0	0	1	6	10
934	1674276	33	5.91	0.859375	0	0	0	4	4	16	8
935	1674426	11	4.64	0.41322314	0	0	0	5	5	1	0
936	1674915	12	5	0.166666667	0	0	0	1	10	1	0
937	1675274	43	6.21	0.537587885	0	0	0	0	8	18	17
938	1675358	15	5.4	1.04	0	0	1	2	3	8	1
939	1676014	17	4.76	0.52734375	0	0	0	6	7	3	0
940	1676219	10	4.1	1.555555556	0	0	4	0	3	2	0
941	1676242	16	4.81	1.15234375	0	0	2	4	6	3	1
942	1676270	21	5.33	0.984126984	0	0	1	4	4	11	1
943	1676281	10	4.1	0.89	0	0	3	4	2	1	0
944	1676302	15	5.07	0.462222222	0	0	0	3	8	4	0
945	1676424	10	3.6	1	0	0	3	3	1	1	0
946	1676488	13	3.77	-1	-1	-1	-1	-1	-1	-1	-1
947	1676504	11	4.91	-1	-1	-1	-1	-1	-1	-1	-1
948	1676513	16	5.62	0.484375	0	0	0	1	5	9	1
949	1676536	10	3.6	-1	-1	-1	-1	-1	-1	-1	-1
950	1676542	20	5.7	1.61	0	0	2	1	5	5	7
951	1676735	13	4.08	0.532544379	0	0	2	9	1	1	0
952	1676736	11	4.91	-1	-1	-1	-1	-1	-1	-1	-1
953	1676755	10	4.9	-1	-1	-1	-1	-1	-1	-1	-1
954	1676988	13	5.31	0.674556213	0	0	0	2	6	4	1
955	1677192	12	3.42	-1	-1	-1	-1	-1	-1	-1	-1
956	1677719	10	5.6	0.44	0	0	0	0	5	4	1
957	1677742	10	5.1	1.09	0	0	0	4	2	3	1
958	1677762	21	5.67	0.698412698	0	0	0	2	6	10	3
959	1678196	11	4.64	0.958677686	0	0	2	2	5	2	0
960	1678562	31	5.84	0.944335938	0	0	1	2	6	15	8
961	1678709	10	4.2	-1	-1	-1	-1	-1	-1	-1	-1
962	1678717	11	4.73	-1	-1	-1	-1	-1	-1	-1	-1
963	1678737	32	5.72	0.389648438	0	0	0	1	9	20	2
964	1678907	51	6.04	0.4804	0	0	0	1	6	28	15
965	1678964	18	4.44	1.358024691	0	0	3	10	0	4	1
966	1679170	12	4.75	0.354166667	0	0	0	4	7	1	0
967	1679886	12	4.92	-1	-1	-1	-1	-1	-1	-1	-1
968	1679890	13	5.31	-1	-1	-1	-1	-1	-1	-1	-1
969	1679998	14	4.29	1.00591716	0	0	3	4	4	2	0
970	1680008	10	4.4	0.64	0	0	1	5	3	1	0
971	1680332	14	5.64	0.658163265	0	0	0	1	5	6	2
972	1680528	16	5.06	0.43359375	0	0	0	3	9	4	0
973	1680568	24	5.88	0.526041667	0	0	0	1	5	14	4
974	1681111	16	5.75	0.5625	0	0	0	1	4	9	2
975	1681764	29	5.83	0.932397959	0	0	0	3	7	10	8
976	1682119	19	5.11	1.252077562	0	0	2	3	7	5	2
977	1682261	20	5.6	0.74	0	0	0	2	7	8	3
978	1682592	16	4.88	0.734375	0	0	1	4	7	4	0
979	1683351	15	5	0.30859375	0	0	0	2	11	3	0
980	1683514	28	6	0.444444444	0	0	0	1	3	18	5
981	1683703	19	5.84	0.55401662	0	0	0	0	7	8	4
982	1683900	11	4.36	0.65	0	0	1	4	4	1	0
983	1684241	10	4.7	0.320987654	0	0	0	2	6	1	0
984	1684402	13	5.46	0.863905325	0	0	0	3	2	7	1
985	1684592	22	5.86	0.935950413	0	0	0	3	3	10	6
986	1685050	18	5.33	0.555555556	0	0	0	3	6	9	0
987	1685095	32	6.06	0.68359375	0	0	0	1	7	13	11
988	1685658	12	5.17	0.638888889	0	0	0	3	4	5	0
989	1685786	11	4.36	0.85	0	0	2	2	5	1	0
990	1685842	15	5.13	0.648888889	0	0	0	3	8	3	1
991	1685855	24	5.96	0.88	0	0	1	1	2	14	7
992	1685902	14	4.64	1.493333333	0	0	2	5	4	2	2
993	1686688	17	5.53	0.837370242	0	0	0	2	7	5	3
994	1686691	28	6.07	0.423469388	0	0	0	0	5	16	7
995	1687261	17	5.35	-1	-1	-1	-1	-1	-1	-1	-1
996	1688187	35	5.97	0.290657439	0	0	0	0	6	24	4
997	1688404	14	5.57	0.673469388	0	0	0	2	3	8	1
998	1689010	10	3.8	0.76	0	0	5	2	3	0	0
999	1689034	10	3.7	0.61	0	0	5	3	2	0	0
1000	1690736	14	4.57	0.530612245	0	0	1	5	7	1	0
1001	1691180	10	4.8	0.56	0	0	0	4	4	2	0
1002	1691189	10	4.4	0.24	0	0	0	6	4	0	0
1003	1691197	10	4.6	0.44	0	0	0	5	4	1	0
1004	1691210	10	4.5	0.65	0	0	1	4	4	1	0
1005	1691213	10	5.5	0.45	0	0	0	0	6	3	1
1006	1691217	10	4.7	1.21	0	0	1	4	3	1	1
1007	1691229	14	4.93	1.209183673	0	0	1	4	6	1	2
1008	1691238	10	4.9	0.29	0	0	0	2	7	1	0
1009	1691243	10	5.4	1.04	0	0	0	2	4	2	2
1010	1691254	13	5.62	0.698224852	0	0	0	1	5	5	2
1011	1691256	10	5	0.6	0	0	0	3	4	3	0
1012	1691258	10	4.2	0.36	0	0	1	6	3	0	0
1013	1691279	12	4.58	0.576388889	0	0	1	4	6	1	0
1014	1691285	10	4.8	0.76	0	0	1	2	5	2	0
1015	1691289	10	6.1	0.809917355	0	0	0	1	1	5	4
1016	1692024	13	4.77	0.638888889	0	0	1	2	7	2	0
1017	1692168	24	6.08	0.493055556	0	0	0	1	2	15	6
1018	1693968	21	5.43	0.611570248	0	0	0	2	10	8	2
1019	1694214	26	5.85	0.899408284	0	0	1	1	5	13	6
1020	1694765	37	6.16	0.406135866	0	0	0	1	2	24	10
1021	1696259	19	5.42	0.980609418	0	0	0	4	6	6	3
1022	1696778	11	4.64	0.41322314	0	0	0	5	5	1	0
1023	1696958	30	6	0.418314256	0	0	0	0	6	18	7
1024	1697299	21	6.14	0.644718793	0	0	0	1	4	12	10
1025	1697309	10	5.5	0.25	0	0	0	0	5	5	0
1026	1697467	11	4.55	0.79338843	0	0	1	5	3	2	0
1027	1697526	14	4	-1	-1	-1	-1	-1	-1	-1	-1
1028	1698075	10	5	0.6	0	0	0	3	4	3	0
1029	1699665	26	5.65	0.430727023	0	0	0	0	11	13	3
1030	1699774	11	4.09	1.138888889	0	0	4	4	2	2	0
1031	1699775	11	4.09	0.41	0	0	1	5	4	0	0
1032	1699781	16	5.12	0.734375	0	0	1	1	10	3	1
1033	1699790	10	4.3	0.41	0	0	1	5	4	0	0
1034	1699803	12	4.92	1.409722222	0	0	1	4	4	1	2
1035	1699816	18	5.22	0.617283951	0	0	0	4	6	8	0
1036	1701258	36	6.36	0.56404321	0	0	0	1	3	14	18
1037	1701861	64	6.34	0.439289941	0	0	0	0	7	29	29
1038	1702133	10	4.3	-1	-1	-1	-1	-1	-1	-1	-1
1039	1702209	21	5.1	-1	-1	-1	-1	-1	-1	-1	-1
1040	1702379	11	5.09	0.446280992	0	0	0	2	6	3	0
1041	1702727	15	4.93	-1	-1	-1	-1	-1	-1	-1	-1
1042	1702732	11	4.55	-1	-1	-1	-1	-1	-1	-1	-1
1043	1702733	13	4.85	-1	-1	-1	-1	-1	-1	-1	-1
1044	1702750	30	5.87	0.606060606	0	0	0	0	10	13	10
1045	1702761	19	5.21	0.587257618	0	0	0	4	7	8	0
1046	1704057	29	5.93	0.662222222	0	0	1	0	5	18	6
1047	1704337	11	4.27	0.743801653	0	0	3	2	6	0	0
1048	1704379	10	5.1	-1	-1	-1	-1	-1	-1	-1	-1
1049	1704402	11	5	-1	-1	-1	-1	-1	-1	-1	-1
1050	1704987	21	5.48	0.249433107	0	0	0	0	11	10	0
1051	1706766	11	4.91	0.26446281	0	0	0	2	8	1	0
1052	1707050	13	5.15	0.591715976	0	0	0	2	8	2	1
1053	1707064	23	5.83	1.013232514	0	0	0	4	2	11	6
1054	1708145	19	5.47	0.45	0	0	0	0	12	6	2
1055	1708255	24	5.96	1.2	0	0	0	4	3	7	11
1056	1708443	93	6.35	0.471888617	0	0	0	1	9	43	44
1057	1708487	12	5.5	0.416666667	0	0	0	1	4	7	0
1058	1708734	10	5.6	0.24	0	0	0	0	4	6	0
1059	1710318	29	6.48	0.65	0	0	0	1	3	6	20
1060	1710373	24	6.29	0.972651605	0	0	1	1	2	9	16
1061	1710584	23	5.78	0.604914934	0	0	0	2	4	14	3
1062	1710950	34	5.91	0.568163265	0	0	0	1	8	18	8
1063	1711544	16	5.88	0.830246914	0	0	0	2	2	9	5
1064	1712419	21	5.71	0.489795918	0	0	0	1	6	12	2
1065	1713545	10	4.7	0.61	0	0	0	5	3	2	0
1066	1713686	27	6.33	0.740740741	0	0	0	1	4	7	15
1067	1713890	15	4.8	0.693333333	0	0	1	4	7	3	0
1068	1714357	27	6	0.615384615	0	0	0	1	5	13	7
1069	1716156	33	6	0.727272727	0	0	0	2	6	15	10
1070	1716655	11	4.73	0.6	0	0	0	3	4	3	0
1071	1716922	42	5.95	0.52154195	0	0	1	0	6	28	7
1072	1717009	10	4.7	0.41	0	0	0	4	5	1	0
1073	1718794	21	6.29	0.537722908	0	0	0	0	4	8	15
1074	1719196	14	4.29	0.632653061	0	0	2	7	4	1	0
1075	1719349	10	4.4	1.04	0	0	2	4	2	2	0
1076	1719689	43	6.16	0.562265723	0	0	0	1	6	21	21
1077	1719699	20	6.25	0.797783934	0	0	0	0	6	3	10
1078	1719824	18	4.39	2.12654321	0	0	5	9	0	0	4
1079	1719894	16	5.44	0.24609375	0	0	0	0	9	7	0
1080	1719909	17	5.47	0.837370242	0	0	0	3	5	7	2
1081	1720068	53	6.26	0.458049887	0	0	0	1	5	32	25
1082	1722006	16	5.25	0.3125	0	0	0	1	10	5	0
1083	1722174	17	5.41	0.477508651	0	0	0	2	6	9	0
1084	1722203	19	5.63	0.361111111	0	0	0	0	5	11	2
1085	1722615	10	4.5	0.85	0	0	2	2	5	1	0
1086	1722713	12	4.83	-1	-1	-1	-1	-1	-1	-1	-1
1087	1723059	38	6.11	0.409375	0	0	0	1	3	26	10
1088	1723641	10	4.9	0.49	0	0	0	3	5	2	0
1089	1724686	12	4.92	0.743055556	0	0	0	4	6	1	1
1090	1726885	53	5.85	-1	-1	-1	-1	-1	-1	-1	-1
1091	1727354	15	5.33	0.755555556	0	0	1	0	8	5	1
1092	1728344	12	4.92	0.743055556	0	0	1	2	6	3	0
1093	1728398	17	5.71	0.645061728	0	0	0	1	6	8	3
1094	1728593	18	5.78	1.208677686	0	0	1	2	3	9	7
1095	1729895	16	5.88	0.49691358	0	0	0	0	5	9	4
1096	1730651	36	6.06	0.487654321	0	0	1	0	1	26	8
1097	1730656	53	6.11	0.839506173	0	0	1	3	6	24	29
1098	1731067	74	6.24	0.555332359	0	0	0	1	11	32	30
1099	1732544	10	3.6	0.84	0	0	6	3	0	1	0
1100	1732876	25	6.4	0.30994898	0	0	0	0	1	15	12
1101	1733360	10	5.1	0.89	0	0	0	3	4	2	1
1102	1734984	18	4.39	1.058171745	0	0	4	8	5	1	1
1103	1735023	15	4.4	0.906666667	0	0	2	7	5	0	1
1104	1735186	36	6.22	0.48199446	0	0	0	1	3	21	13
1105	1735396	18	5.39	0.459876543	0	0	0	1	10	6	1
1106	1735971	11	5.09	0.628099174	0	0	0	3	4	4	0
1107	1736180	17	5.76	0.50617284	0	0	0	1	4	11	2
1108	1736277	14	4.93	1.352040816	0	0	3	1	4	6	0
1109	1736562	10	4.9	1.29	0	0	1	3	3	2	1
1110	1737317	12	5.58	0.243055556	0	0	0	0	5	7	0
1111	1738222	10	5.2	0.76	0	0	0	2	5	2	1
1112	1738337	21	5.71	0.680272109	0	0	0	2	5	11	3
1113	1739371	10	4.6	0.64	0	0	1	3	5	1	0
1114	1739568	36	5.86	0.377423823	0	0	0	0	10	23	5
1115	1740121	14	6.57	0.366782007	0	0	0	0	1	6	10
1116	1740577	12	5.33	0.555555556	0	0	0	1	7	3	1
1117	1741186	10	5.2	0.76	0	0	1	0	5	4	0
1118	1741516	39	6	0.419460881	0	0	0	0	6	22	11
1119	1741803	24	6.25	0.875171468	0	0	1	0	3	9	14
1120	1743495	12	5	1.666666667	0	0	0	7	1	1	3
1121	1743566	141	6.77	0.253842653	0	0	0	1	4	26	138
1122	1743572	35	6.74	0.180747922	0	0	0	0	0	9	29
1123	1745044	11	4.64	0.958677686	0	0	2	2	5	2	0
1124	1745317	23	5.74	0.854166667	0	0	0	3	5	11	5
1125	1746064	10	5.3	0.21	0	0	0	0	7	3	0
1126	1746277	10	4.5	0.320987654	0	0	0	2	6	1	0
1127	1746742	13	5.62	1.467455621	0	0	1	2	1	6	3
1128	1747126	11	5.45	0.79338843	0	0	0	1	6	2	2
1129	1747376	19	5.42	0.664819945	0	0	0	4	3	12	0
1130	1748517	13	5.46	0.875	0	0	0	4	1	10	1
1131	1748534	10	4.7	0.41	0	0	0	4	5	1	0
1132	1748566	15	5	0.698224852	0	0	0	2	5	5	1
1133	1748751	20	5.4	1.085872576	0	0	1	3	4	9	2
1134	1748774	16	4.5	0.693877551	0	0	1	3	7	3	0
1135	1748790	32	5.62	0.559833507	0	0	0	3	8	18	2
1136	1750098	14	5.43	1.102040816	0	0	1	1	5	5	2
1137	1750843	22	5.86	0.57231405	0	0	0	1	5	12	4
1138	1751159	203	6.73	0.417583234	0	0	0	4	12	34	182
1139	1752538	10	5.3	-1	-1	-1	-1	-1	-1	-1	-1
1140	1752901	16	5.88	1.109375	0	0	0	3	1	7	5
1141	1754352	18	5.94	-1	-1	-1	-1	-1	-1	-1	-1
1142	1755280	10	5.5	0.666666667	0	0	0	1	2	5	1
1143	1755613	19	6.11	0.304709141	0	0	0	0	2	13	4
1144	1757101	10	5.2	0.76	0	0	0	3	2	5	0
1145	1757557	10	4.8	0.36	0	0	0	3	6	1	0
1146	1758183	11	5.27	0.925619835	0	0	0	3	3	4	1
1147	1758506	11	6	0.545454545	0	0	0	0	3	5	3
1148	1758509	10	5.1	0.49	0	0	0	2	5	3	0
1149	1758526	10	5.1	1.09	0	0	1	1	5	2	1
1150	1758939	10	4.5	-1	-1	-1	-1	-1	-1	-1	-1
1151	1759228	14	4.71	0.923076923	0	0	1	3	4	5	0
1152	1759836	25	5.96	0.5	0	0	0	1	4	17	6
1153	1760138	19	6.42	0.770083102	0	0	0	1	2	4	12
1154	1760772	30	5.73	0.593132154	0	0	0	1	12	13	5
1155	1761976	16	5.38	0.609375	0	0	0	3	4	9	0
1156	1762016	93	6.31	0.620330556	0	0	2	2	5	47	66
1157	1764021	17	5.24	0.637119114	0	0	0	3	8	7	1
1158	1764239	10	3.6	0.222222222	0	0	3	6	0	0	0
1159	1764265	14	5.07	0.520710059	0	0	0	1	8	3	1
1160	1765523	28	5.79	0.586888658	0	0	1	1	3	23	3
1161	1765831	10	3.7	0.41	0	0	4	5	1	0	0
1162	1767377	17	4.47	1.21484375	0	0	3	3	7	2	1
1163	1767532	43	6.51	0.549661801	0	0	0	1	5	11	36
1164	1768209	14	5.14	0.693877551	0	0	0	3	7	3	1
1165	1768812	10	3.9	0.444444444	0	0	2	5	2	0	0
1166	1768823	10	4.8	0.56	0	0	0	4	4	2	0
1167	1769108	27	5.85	-1	-1	-1	-1	-1	-1	-1	-1
1168	1770207	19	6.21	0.380165289	0	0	0	0	2	12	8
1169	1771227	12	4.58	0.694214876	0	0	1	2	6	2	0
1170	1774186	16	5.62	0.333333333	0	0	0	1	4	13	0
1171	1775234	23	6.09	0.882653061	0	0	0	1	7	5	15
1172	1775592	22	5.82	0.421487603	0	0	0	1	4	15	2
1173	1775801	13	5.08	0.532544379	0	0	0	2	9	1	1
1174	1776853	10	4.9	0.69	0	0	0	4	3	3	0
1175	1777204	16	5.12	0.609375	0	0	0	4	6	6	0
1176	1779115	31	5.71	0.389648438	0	0	0	1	9	20	2
1177	1779201	14	5.71	0.346938776	0	0	0	0	5	8	1
1178	1779227	10	5.3	0.61	0	0	0	1	6	2	1
1179	1779343	36	6.25	0.585034014	0	0	0	1	5	17	19
1180	1779556	31	6.26	0.389648438	0	0	0	0	3	17	12
1181	1779607	13	4.92	0.532544379	0	0	0	4	6	3	0
1182	178136	67	5.37	-1	-1	-1	-1	-1	-1	-1	-1
1183	1782714	12	5	-1	-1	-1	-1	-1	-1	-1	-1
1184	1782747	13	5.77	-1	-1	-1	-1	-1	-1	-1	-1
1185	1782830	37	6	0.387864366	0	0	0	1	4	28	8
1186	1782985	10	5	0.4	0	0	0	2	6	2	0
1187	1783367	10	6.3	0.409722222	0	0	0	0	1	5	6
1188	1783370	17	6.76	0.179930796	0	0	0	0	0	4	13
1189	1783379	25	6.52	0.5696	0	0	0	0	4	4	17
1190	1783489	20	5.75	0.2875	0	0	0	0	6	13	1
1191	1783671	21	5.1	0.55	0	0	0	1	10	7	2
1192	1784139	18	5.72	0.645061728	0	0	0	1	6	8	3
1193	1784510	10	4.9	1.09	0	0	1	3	2	4	0
1194	1785697	11	5.18	-1	-1	-1	-1	-1	-1	-1	-1
1195	1787355	11	5.64	0.595041322	0	0	0	1	3	6	1
1196	1787577	10	4.7	0.21	0	0	0	3	7	0	0
1197	1788739	28	5.57	0.718112245	0	0	0	2	10	11	5
1198	1789798	12	5.17	0.429752066	0	0	0	1	4	6	0
1199	1790199	36	5.83	0.583333333	0	0	0	2	8	20	6
1200	1790207	16	5.62	0.484375	0	0	0	1	5	9	1
1201	1790212	15	5	0.4	0	0	0	3	9	3	0
1202	1790297	11	4.91	0.446280992	0	0	0	3	6	2	0
1203	1790301	13	4.77	0.792899408	0	0	1	3	8	0	1
1204	1790303	17	5.18	0.733564014	0	0	0	4	7	5	1
1205	1790304	14	4.86	0.979591837	0	0	2	2	6	4	0
1206	1790529	18	5.83	0.5275	0	0	0	1	4	12	3
1207	1790726	10	4.5	0.45	0	0	0	6	3	1	0
1208	1790770	21	5.86	0.72	0	0	0	1	4	9	11
1209	1792013	13	4.85	0.284023669	0	0	0	3	9	1	0
1210	1792031	10	4.5	0.45	0	0	0	6	3	1	0
1211	1792719	16	4.56	0.62109375	0	0	1	7	6	2	0
1212	1792908	10	3.8	0.666666667	0	0	3	3	3	0	0
1213	1792961	15	5.87	0.382222222	0	0	0	0	4	9	2
1214	1793022	10	4.4	0.44	0	0	1	4	5	0	0
1215	1793050	13	5.62	0.852071006	0	0	0	2	3	6	2
1216	1794420	12	4.58	0.243055556	0	0	0	5	7	0	0
1217	1795480	14	4.79	0.31122449	0	0	0	4	9	1	0
1218	1795566	10	3.8	-1	-1	-1	-1	-1	-1	-1	-1
1219	1795578	22	6	-1	-1	-1	-1	-1	-1	-1	-1
1220	1795597	11	4.91	-1	-1	-1	-1	-1	-1	-1	-1
1221	1795627	10	3.7	-1	-1	-1	-1	-1	-1	-1	-1
1222	1795666	11	4.36	0.595041322	0	0	1	6	3	1	0
1223	1795675	11	4.73	1.47107438	0	0	2	3	3	2	1
1224	1795680	10	3.8	-1	-1	-1	-1	-1	-1	-1	-1
1225	1795704	11	4.64	1.32231405	0	0	2	3	4	1	1
1226	1795740	10	4	-1	-1	-1	-1	-1	-1	-1	-1
1227	1795769	10	4.9	0.89	0	0	1	2	4	3	0
1228	1796091	21	5.9	0.588842975	0	0	0	1	4	12	5
1229	1796164	11	5.09	0.809917355	0	0	0	4	2	5	0
1230	1796731	55	5.95	0.337833956	0	0	0	1	8	42	8
1231	1796940	13	4.77	0.409722222	0	0	0	3	7	2	0
1232	1797692	38	5.68	0.458908613	0	0	0	1	13	21	4
1233	1799090	11	4.09	0.24	0	0	0	6	4	0	0
1234	1799094	10	4.4	0.24	0	0	0	6	4	0	0
1235	1799417	12	4.33	0.975206612	0	0	2	3	4	2	0
1236	1799482	15	5.2	0.56	0	0	0	2	9	3	1
1237	1799485	15	5.13	0.658163265	0	0	0	2	6	5	1
1238	1799486	14	4.71	0.686390533	0	0	0	4	7	1	1
1239	179966	13	4.31	0.84	0	0	1	4	3	2	0
1240	1799992	20	5.2	0.66	0	0	0	4	9	6	1
1241	1801085	12	4.75	-1	-1	-1	-1	-1	-1	-1	-1
1242	1801096	13	3.92	-1	-1	-1	-1	-1	-1	-1	-1
1243	1801286	11	3.82	-1	-1	-1	-1	-1	-1	-1	-1
1244	1801305	10	4.1	0.49	0	0	2	5	3	0	0
1245	1803662	11	4.36	-1	-1	-1	-1	-1	-1	-1	-1
1246	1804022	13	4.62	-1	-1	-1	-1	-1	-1	-1	-1
1247	1804098	10	4.1	0.172839506	0	0	0	7	2	0	0
1248	1804102	10	4.2	0.24691358	0	0	0	4	5	0	0
1249	1804580	12	6.25	0.366863905	0	0	0	0	1	7	5
1250	1805037	13	5.15	0.437869822	0	0	0	2	7	4	0
1251	1805842	13	5.54	0.710059172	0	0	0	2	3	7	1
1252	1806760	10	3.7	0.61	0	0	5	3	2	0	0
1253	1806763	10	4.5	0.65	0	0	1	4	4	1	0
1254	1807194	11	4.91	0.26446281	0	0	0	2	8	1	0
1255	1807525	11	4.82	0.694214876	0	0	1	2	6	2	0
1256	1809461	11	4	0.96	0	0	3	3	3	1	0
1257	1809571	10	3.7	0.543209877	0	0	3	4	2	0	0
1258	1811178	26	5.73	0.426666667	0	0	0	1	7	19	3
1259	181127	11	4.09	1.25	0	0	2	2	2	2	0
1260	181131	14	4.43	1.354166667	0	0	2	3	4	2	1
1261	1812037	17	5.06	-1	-1	-1	-1	-1	-1	-1	-1
1262	1812184	11	4.55	-1	-1	-1	-1	-1	-1	-1	-1
1263	1812811	35	6.09	0.432098765	0	0	0	0	6	20	10
1264	1812850	11	5.36	1.32231405	0	0	1	1	4	3	2
1265	1812915	14	4.71	0.632653061	0	0	1	4	7	2	0
1266	1812952	10	4.9	0.49	0	0	0	3	5	2	0
1267	1813045	43	5.77	0.719008264	0	0	0	3	9	21	11
1268	1813230	12	4.92	0.576388889	0	0	0	4	5	3	0
1269	1813263	12	3.92	0.409722222	0	0	3	7	2	0	0
1270	1813665	12	4.75	0.520833333	0	0	0	5	5	2	0
1271	1814034	12	4.92	0.576388889	0	0	0	4	5	3	0
1272	1814098	12	5.08	0.409722222	0	0	0	2	7	3	0
1273	1814111	17	5.35	0.46366782	0	0	0	2	7	8	0
1274	1814127	16	5.31	0.33984375	0	0	0	1	9	6	0
1275	1814441	11	4.45	0.888888889	0	0	1	1	4	3	0
1276	1814883	13	5.38	0.544378698	0	0	0	1	7	4	1
1277	1815136	30	5.6	0.734651405	0	0	0	3	9	14	5
1278	1815421	18	4.89	0.765432099	0	0	1	5	7	5	0
1279	1815886	10	3.6	0.609375	0	0	3	3	2	0	0
1280	1815888	12	5.25	0.354166667	0	0	0	1	7	4	0
1281	1816201	14	4.71	0.775510204	0	0	1	5	5	3	0
1282	1816276	12	4.25	0.520833333	0	0	2	5	5	0	0
1283	1816856	12	5.25	-1	-1	-1	-1	-1	-1	-1	-1
1284	1818070	10	4.6	0.44	0	0	1	2	7	0	0
1285	1818313	10	4.5	1.45	0	0	2	4	2	1	1
1286	1818571	25	5.28	0.9739369	0	0	0	6	9	8	4
1287	1818886	20	5.75	0.2875	0	0	0	0	6	13	1
1288	1818887	10	4.7	0.41	0	0	0	4	5	1	0
1289	1818891	15	5	0.666666667	0	0	0	4	8	2	1
1290	1818902	14	5.29	0.346938776	0	0	0	1	8	5	0
1291	1818936	12	5.25	0.6875	0	0	0	3	3	6	0
1292	1818947	12	5.42	0.576388889	0	0	0	1	6	4	1
1293	1818950	15	5.27	0.995555556	0	0	1	2	5	6	1
1294	1818967	13	5.23	0.485207101	0	0	0	2	6	5	0
1295	1818994	10	4.8	0.76	0	0	1	2	5	2	0
1296	1822150	24	5.62	0.734375	0	0	0	3	6	12	3
1297	1822377	10	4.8	0.543209877	0	0	0	3	4	2	0
1298	1822686	14	4.86	0.551020408	0	0	0	5	6	3	0
1299	1823066	12	5.25	0.776859504	0	0	0	2	4	4	1
1300	1823320	11	5	0.363636364	0	0	0	2	7	2	0
1301	1823682	12	4.33	1.222222222	0	0	3	5	1	3	0
1302	1823960	19	4.79	0.777777778	0	0	1	3	10	3	1
1303	1824070	15	4.73	0.862222222	0	0	1	6	4	4	0
1304	1824131	23	5.57	0.429752066	0	0	0	0	12	8	2
1305	1824609	10	4.2	0.469135802	0	0	0	6	2	1	0
1306	1824791	10	4.6	1.04	0	0	2	2	4	2	0
1307	1824831	10	3.4	0.484375	0	0	4	3	1	0	0
1308	1826210	17	5	0.25	0	0	0	2	12	2	0
1309	1826286	10	4.7	0.41	0	0	0	4	5	1	0
1310	1826700	15	5.67	0.755555556	0	0	0	1	6	5	3
1311	1827090	17	4.94	0.408304498	0	0	0	4	10	3	0
1312	1827204	19	5.16	0.659279778	0	0	0	4	9	5	1
1313	1827563	25	5.6	0.313609467	0	0	0	1	8	17	0
1314	1827627	29	5.86	0.582222222	0	0	0	1	8	15	6
1315	1828264	15	5.27	0.862222222	0	0	0	4	4	6	1
1316	1829138	14	3.86	-1	-1	-1	-1	-1	-1	-1	-1
1317	1829183	11	4.27	-1	-1	-1	-1	-1	-1	-1	-1
1318	1829365	10	4.8	0.96	0	0	1	2	6	0	1
1319	1829498	17	5.65	0.33984375	0	0	0	0	6	9	1
1320	1829617	14	5.07	0.494897959	0	0	0	3	7	4	0
1321	1829751	15	5	0.8	0	0	0	5	6	3	1
1322	1829946	10	4.2	0.76	0	0	3	2	5	0	0
1323	1830064	24	5.88	0.609375	0	0	0	1	6	12	5
1324	1830337	13	4.23	0.555555556	0	0	1	7	3	1	0
1325	1830350	20	5.6	0.84	0	0	0	3	5	9	3
1326	1830378	10	4.2	0.469135802	0	0	1	3	5	0	0
1327	1830431	13	5.08	0.378698225	0	0	0	2	8	3	0
1328	1830596	11	4.18	-1	-1	-1	-1	-1	-1	-1	-1
1329	1830610	10	4.5	-1	-1	-1	-1	-1	-1	-1	-1
1330	1830613	11	4.27	-1	-1	-1	-1	-1	-1	-1	-1
1331	1830618	11	4.27	0.561983471	0	0	1	7	2	1	0
1332	1830640	10	4.1	-1	-1	-1	-1	-1	-1	-1	-1
1333	1831338	15	5.53	1.048888889	0	0	1	0	7	4	3
1334	1831696	36	6.22	0.526643991	0	0	0	0	7	17	18
1335	1832111	22	5.23	0.907372401	0	0	1	3	9	8	2
1336	1832887	12	4.75	0.520833333	0	0	0	5	5	2	0
1337	1833483	16	5.5	0.712802768	0	0	0	1	8	5	3
1338	1833629	13	4.69	0.739795918	0	0	0	7	3	4	0
1339	1833792	15	5.27	0.462222222	0	0	0	1	10	3	1
1340	1834352	17	5.41	0.359861592	0	0	0	1	8	8	0
1341	1834776	15	5.47	0.782222222	0	0	1	1	3	10	0
1342	1836243	10	4.9	0.29	0	0	0	2	7	1	0
1343	1836622	15	5.07	-1	-1	-1	-1	-1	-1	-1	-1
1344	1837237	12	4.92	1.066326531	0	0	1	3	5	4	1
1345	1838722	16	5.69	0.33984375	0	0	0	0	6	9	1
1346	1839498	10	4.1	0.89	0	0	3	4	2	1	0
1347	1839815	24	5.79	0.581597222	0	0	0	1	7	12	4
1348	1840343	15	4.6	0.64	0	0	2	3	9	1	0
1349	1840428	11	5	0.363636364	0	0	0	2	7	2	0
1350	1840543	11	4.36	0.595041322	0	0	1	6	3	1	0
1351	1840849	10	4.6	1.04	0	0	2	2	4	2	0
1352	1840962	23	5.39	0.933837429	0	0	0	5	7	8	3
1353	1841027	10	4.9	0.29	0	0	0	2	7	1	0
1354	1841137	12	4.67	0.388888889	0	0	1	2	9	0	0
1355	1841262	14	5.21	0.454081633	0	0	0	2	7	5	0
1356	1842650	14	5.29	0.918367347	0	0	0	4	3	6	1
1357	1842734	19	5.84	0.583333333	0	0	0	1	4	10	3
1358	1842990	10	4.2	0.76	0	0	2	5	2	1	0
1359	1843170	12	4.67	0.555555556	0	0	0	6	4	2	0
1360	1845174	18	5.72	0.75617284	0	0	0	1	7	6	4
1361	1845188	10	4.2	0.56	0	0	2	4	4	0	0
1362	1845265	17	5.47	0.719723183	0	0	0	1	10	3	3
1363	1845295	15	5.6	0.506666667	0	0	0	1	5	8	1
1364	1845517	11	3.82	-1	-1	-1	-1	-1	-1	-1	-1
1365	1846315	11	4.27	0.380165289	0	0	1	6	4	0	0
1366	1846539	14	4.86	0.979591837	0	0	2	2	6	4	0
1367	1846548	14	5.5	0.678571429	0	0	0	2	4	7	1
1368	1847084	14	4.5	0.305555556	0	0	0	3	8	1	0
1369	1847507	19	5.79	0.48199446	0	0	0	1	4	12	2
1370	184766	12	4.08	1.65	0	0	3	2	3	1	1
1371	1848598	11	4.73	0.561983471	0	0	1	2	7	1	0
1372	1848675	15	4.6	-1	-1	-1	-1	-1	-1	-1	-1
1373	1849082	16	5.38	0.484375	0	0	0	1	9	5	1
1374	1849380	12	4.17	0.972222222	0	0	4	3	4	1	0
1375	1849586	21	5.38	0.506616257	0	0	0	2	10	10	1
1376	1849868	24	5.62	1.067708333	0	0	1	1	10	6	6
1377	1850063	17	5.59	0.477508651	0	0	0	1	6	9	1
1378	1850748	12	4.75	0.520833333	0	0	1	2	8	1	0
1379	1850792	15	5.27	1.128888889	0	0	1	3	3	7	1
1380	1850990	17	6.41	0.359861592	0	0	0	0	1	8	8
1381	1851039	13	5.08	0.532544379	0	0	0	2	9	1	1
1382	1851416	14	4.71	0.489795918	0	0	0	6	6	2	0
1383	1851761	10	4.7	0.41	0	0	1	1	8	0	0
1384	1852257	27	5.74	0.33984375	0	0	0	0	9	20	3
1385	1852881	12	4.25	0.231404959	0	0	0	7	4	0	0
1386	1853043	15	5.07	0.595555556	0	0	0	4	6	5	0
1387	1853220	15	5.8	0.16	0	0	0	0	3	12	0
1388	1853682	39	5.95	0.4475	0	0	0	1	7	25	7
1389	1854260	10	2.8	0.583333333	0	0	4	1	1	0	0
1390	1854742	15	4.87	-1	-1	-1	-1	-1	-1	-1	-1
1391	1854937	27	5.37	1.586734694	0	0	4	2	7	10	5
1392	1855637	11	5	1.090909091	0	0	1	2	5	2	1
1393	1855933	14	4.86	0.693877551	0	0	0	6	4	4	0
1394	1855963	16	5.94	0.43359375	0	0	0	0	4	9	3
1395	1855972	11	4.64	0.854166667	0	0	1	4	4	3	0
1396	1856414	91	6.14	0.666076635	0	0	1	3	12	48	34
1397	1856480	11	4.55	0.79338843	0	0	1	5	3	2	0
1398	1856816	17	5	0.705882353	0	0	1	3	8	5	0
1399	1856988	11	4.18	0.694214876	0	0	3	3	5	0	0
1400	1857116	12	4.5	-1	-1	-1	-1	-1	-1	-1	-1
1401	1857187	19	5.53	0.3475	0	0	0	0	10	9	1
1402	1857794	10	5.4	0.44	0	0	0	1	4	5	0
1403	1857807	11	4.73	0.561983471	0	0	1	2	7	1	0
1404	1857933	11	4.64	-1	-1	-1	-1	-1	-1	-1	-1
1405	1858002	10	4.3	0.61	0	0	2	3	5	0	0
1406	1858284	10	4.1	-1	-1	-1	-1	-1	-1	-1	-1
1407	1858343	12	4.75	0.6875	0	0	1	3	6	2	0
1408	1858351	14	5.5	0.25	0	0	0	0	7	7	0
1409	1858362	10	4.3	1.01	0	0	2	5	1	2	0
1410	1858428	13	4.85	1.053254438	0	0	1	5	2	5	0
1411	185879	14	4.36	-1	-1	-1	-1	-1	-1	-1	-1
1412	1858988	15	5	0.8	0	0	1	3	6	5	0
1413	1859570	60	5.95	0.50556213	0	0	0	3	9	41	12
1414	1860119	15	4.87	0.782222222	0	0	1	4	6	4	0
1415	1860122	10	4.3	0.61	0	0	2	3	5	0	0
1416	186068	10	5.3	-1	-1	-1	-1	-1	-1	-1	-1
1417	186074	11	5.45	-1	-1	-1	-1	-1	-1	-1	-1
1418	1860785	28	5.61	0.511296076	0	0	0	2	9	16	2
1419	1863017	49	6.04	0.4784	0	0	0	0	11	26	13
1420	1863188	21	5.57	0.816326531	0	0	1	1	6	11	2
1421	1863359	13	5.38	0.544378698	0	0	0	2	4	7	0
1422	1863383	10	3.6	0.395061728	0	0	3	5	1	0	0
1423	1863529	14	5.5	0.535714286	0	0	0	1	6	6	1
1424	1863698	19	5.58	0.664819945	0	0	0	3	3	12	1
1425	1863937	12	5	0.666666667	0	0	0	3	7	1	1
1426	1865225	10	3.3	0.469135802	0	0	5	3	1	0	0
1427	1865801	13	5.08	0.686390533	0	0	0	4	4	5	0
1428	1866129	10	4.1	0.617283951	0	0	1	6	1	1	0
1429	1866646	12	5.33	0.388888889	0	0	0	1	6	5	0
1430	1867715	10	4.4	0.44	0	0	1	4	5	0	0
1431	1868049	15	4.53	0.734375	0	0	1	7	5	3	0
1432	1868295	11	3.91	1.29	0	0	4	3	1	2	0
1433	1868656	35	5.71	0.4375	0	0	0	2	9	26	3
1434	1868980	10	5.2	0.76	0	0	1	0	5	4	0
1435	1869012	17	5.82	0.498269896	0	0	0	1	3	11	2
1436	1869018	12	5.17	0.638888889	0	0	0	2	7	2	1
1437	1869160	11	4.73	0.49	0	0	0	3	5	2	0
1438	1869174	15	5.33	0.355555556	0	0	0	1	8	6	0
1439	1869280	11	4.91	1.173553719	0	0	1	3	4	2	1
1440	1869957	17	4.94	0.444444444	0	0	0	4	10	4	0
1441	1870008	17	4.82	0.262975779	0	0	0	4	12	1	0
1442	1870053	18	5.39	0.237654321	0	0	0	0	11	7	0
1443	1870518	12	4.67	0.555555556	0	0	0	6	4	2	0
1444	1870685	34	5.94	0.408304498	0	0	0	0	8	20	6
1445	1870900	10	4.2	0.36	0	0	1	6	3	0	0
1446	1871206	12	5.08	-1	-1	-1	-1	-1	-1	-1	-1
1447	1871261	28	6.11	0.452806122	0	0	0	1	2	18	7
1448	1872032	10	4.1	-1	-1	-1	-1	-1	-1	-1	-1
1449	1872429	13	4.85	0.74556213	0	0	1	3	6	3	0
1450	1873042	12	4.08	0.743801653	0	0	3	2	6	0	0
1451	1873471	10	3.1	0.472222222	0	0	2	3	1	0	0
1452	1873570	18	5.78	0.395061728	0	0	0	0	6	10	2
1453	1873638	36	6.14	0.315558802	0	0	0	0	3	24	10
1454	1873673	10	3.9	0.49	0	0	3	5	2	0	0
1455	1874318	17	6.24	0.578449905	0	0	0	0	5	9	9
1456	1874338	26	6.46	0.649795918	0	0	0	2	1	9	23
1457	1874517	51	6.65	0.394517603	0	0	0	0	5	12	44
1458	1874659	14	4.86	0.265306122	0	0	0	3	10	1	0
1459	1874668	14	4.21	0.739795918	0	0	4	3	7	0	0
1460	1874776	21	6	0.452806122	0	0	0	1	2	18	7
1461	1876249	14	4.86	0.693877551	0	0	0	6	4	4	0
1462	1877743	20	5.8	0.603305785	0	0	0	2	3	14	3
1463	1878465	12	4.17	0.305555556	0	0	1	8	3	0	0
1464	1878533	13	4.85	0.899408284	0	0	1	4	4	4	0
1465	1879414	30	6.03	0.498888889	0	0	0	1	4	18	7
1466	1880438	18	5.11	0.409972299	0	0	0	3	11	5	0
1467	1880745	13	5.15	-1	-1	-1	-1	-1	-1	-1	-1
1468	1881078	13	5.15	0.74556213	0	0	0	4	3	6	0
1469	1881092	11	4.36	0.41322314	0	0	1	5	5	0	0
1470	1881830	10	4.9	0.69	0	0	0	3	6	0	1
1471	1882563	17	5.76	0.415224913	0	0	0	0	6	9	2
1472	1882607	11	4.82	0.694214876	0	0	1	2	6	2	0
1473	1882969	12	5.08	0.576388889	0	0	0	3	5	4	0
1474	1883690	10	4.5	0.25	0	0	0	5	5	0	0
1475	1883735	12	5	0.833333333	0	0	0	4	5	2	1
1476	1883740	10	4.5	0.25	0	0	0	5	5	0	0
1477	1884016	14	5.14	0.56	0	0	0	3	6	6	0
1478	1884032	35	6.51	0.432666306	0	0	0	0	4	11	28
1479	1884074	11	4.73	-1	-1	-1	-1	-1	-1	-1	-1
1480	1884644	10	4.5	1.25	0	0	2	3	4	0	1
1481	1884677	25	5.4	1.209876543	0	0	2	3	7	11	4
1482	1885426	17	4.88	0.692041522	0	0	0	6	8	2	1
1483	1885431	14	5.07	0.923469388	0	0	1	2	7	3	1
1484	1885436	14	3.93	1.053254438	0	0	4	5	2	2	0
1485	1885794	15	4.13	0.915555556	0	0	4	7	2	2	0
1486	1885808	11	4.09	0.76	0	0	2	5	2	1	0
1487	1885813	10	4.3	0.61	0	0	1	6	2	1	0
1488	1887025	11	4.82	0.694214876	0	0	0	5	3	3	0
1489	1887064	14	4.36	0.801020408	0	0	1	9	3	0	1
1490	1887075	11	4.82	1.421487603	0	0	2	2	4	2	1
1491	1887088	11	4.36	1.504132231	0	0	3	4	2	1	1
1492	1887286	54	5.69	1.019322235	0	0	3	1	18	22	14
1493	1887299	10	4.4	0.666666667	0	0	0	5	2	2	0
1494	1887380	10	4	0.4	0	0	2	6	2	0	0
1495	1887399	26	5.15	0.743484225	0	0	1	4	12	9	1
1496	1887523	13	4.77	0.639053254	0	0	1	3	7	2	0
1497	1887944	10	4.5	0.65	0	0	1	4	4	1	0
1498	1887968	11	3.36	0.543209877	0	0	3	4	2	0	0
1499	1887986	18	4.94	0.941358025	0	0	1	5	7	4	1
1500	1888190	10	4.6	0.44	0	0	1	2	7	0	0
1501	1888237	18	5.39	0.459876543	0	0	0	2	7	9	0
1502	1889017	11	4.27	0.198347107	0	0	0	8	3	0	0
1503	1889159	14	5.21	0.581314879	0	0	0	1	11	3	2
1504	1889359	18	4.83	0.694444444	0	0	1	5	8	4	0
1505	1889423	11	4.73	0.743801653	0	0	0	5	5	0	1
1506	1889606	21	5.67	0.412698413	0	0	0	0	9	10	2
1507	1889649	56	6.12	0.502232143	0	0	0	1	8	30	17
1508	1890209	16	4.5	0.625	0	0	2	5	8	1	0
1509	1890279	12	4.5	0.416666667	0	0	0	7	4	1	0
1510	1890862	30	5.83	0.236734694	0	0	0	0	7	26	2
1511	1891008	18	5.33	0.444444444	0	0	0	1	11	5	1
1512	1891858	11	4.27	0.561983471	0	0	2	4	5	0	0
1513	1892116	12	4.75	-1	-1	-1	-1	-1	-1	-1	-1
1514	1892142	10	4.1	0.5	0	0	0	5	2	1	0
1515	1892167	10	4	0.8	0	0	3	5	1	1	0
1516	1892278	13	4.38	0.366863905	0	0	0	5	7	1	0
1517	1892472	10	4.3	0.469135802	0	0	0	5	3	1	0
1518	1893062	11	4.45	0.79338843	0	0	1	6	2	2	0
1519	1893908	11	4.64	0.231404959	0	0	0	4	7	0	0
1520	1893915	10	4.9	0.49	0	0	0	3	5	2	0
1521	1894733	15	5.2	0.826666667	0	0	0	4	5	5	1
1522	1894972	15	5.13	0.382222222	0	0	0	2	9	4	0
1523	1895590	10	4.1	0.29	0	0	1	7	2	0	0
1524	1895604	10	4.4	0.64	0	0	1	5	3	1	0
1525	1895846	10	3.8	0.36	0	0	3	6	1	0	0
1526	1896008	12	4.33	1.055555556	0	0	3	4	3	2	0
1527	1896283	11	4.64	0.41322314	0	0	0	5	5	1	0
1528	1897512	20	6	0.421052632	0	0	0	0	4	11	4
1529	1897559	14	5.43	0.530612245	0	0	0	1	7	5	1
1530	1897569	40	5.88	0.454320988	0	0	0	3	4	33	5
1531	1897806	12	4.67	0.388888889	0	0	0	5	6	1	0
1532	1898373	11	5	0.363636364	0	0	0	2	7	2	0
1533	1898477	12	4.25	0.79338843	0	0	2	3	5	1	0
1534	1898513	15	5.27	0.328888889	0	0	0	1	9	5	0
1535	1898519	18	5.89	0.320987654	0	0	0	0	4	12	2
1536	1899861	12	5.75	-1	-1	-1	-1	-1	-1	-1	-1
1537	1899890	12	5.92	-1	-1	-1	-1	-1	-1	-1	-1
1538	1900439	19	5.26	0.51	0	0	0	2	11	6	1
1539	1900596	14	5.71	0.489795918	0	0	0	0	6	6	2
1540	1900631	10	5	0.444444444	0	0	0	2	5	2	0
1541	1900640	16	3.12	0.561983471	0	0	5	4	2	0	0
1542	1900648	12	4.17	0.958677686	0	0	3	2	5	1	0
1543	1901319	23	5.87	0.548204159	0	0	0	1	5	13	4
1544	1901472	16	4.56	0.862222222	0	0	1	6	4	4	0
1545	1901579	12	4.83	0.472222222	0	0	0	4	6	2	0
1546	1901601	10	4.4	1.24	0	0	3	2	3	2	0
1547	1901610	16	5.62	0.734375	0	0	0	2	4	8	2
1548	1902599	44	6	0.599506173	0	0	1	0	7	26	11
1549	1902761	12	4.17	0.472222222	0	0	2	6	4	0	0
1550	190280	31	4.68	-1	-1	-1	-1	-1	-1	-1	-1
1551	1903029	10	4.2	0.56	0	0	2	4	4	0	0
1552	1903374	10	4.3	0.691358025	0	0	1	4	3	1	0
1553	1903379	11	4.45	0.429752066	0	0	0	7	3	1	0
1554	1903391	10	4.7	0.61	0	0	0	5	3	2	0
1555	1903393	10	4.3	0.24691358	0	0	0	5	4	0	0
1556	1903508	10	5.8	-1	-1	-1	-1	-1	-1	-1	-1
1557	1904162	10	3.7	0.41	0	0	4	5	1	0	0
1558	1904276	44	6.18	0.578402367	0	0	0	2	5	26	19
1559	1905209	10	4.6	0.44	0	0	0	5	4	1	0
1560	1905243	10	4.2	0.56	0	0	2	4	4	0	0
1561	1905644	13	4.46	0.402366864	0	0	1	5	7	0	0
1562	1905670	10	4.3	0.81	0	0	2	4	3	1	0
1563	1905679	10	4.8	0.76	0	0	1	2	5	2	0
1564	1905691	14	5	0.857142857	0	0	1	3	5	5	0
1565	1905733	15	5.53	0.515555556	0	0	0	0	9	4	2
1566	1906388	11	4.36	1.140495868	0	0	3	3	3	2	0
1567	190677	10	4.4	0.84	0	0	2	3	4	1	0
1568	1907167	10	4.9	0.89	0	0	1	2	4	3	0
1569	1907174	11	4.64	0.41322314	0	0	0	5	5	1	0
1570	1907179	13	5.08	0.99408284	0	0	0	4	6	1	2
1571	1907229	11	5	0.909090909	0	0	0	4	4	2	1
1572	1907489	16	5.38	0.734375	0	0	0	2	8	4	2
1573	1907661	15	5	0.666666667	0	0	0	4	8	2	1
1574	190767	13	3.85	0.446280992	0	0	2	6	3	0	0
1575	1907865	30	6.03	1.14532872	0	0	1	3	2	11	17
1576	1908026	10	4.6	0.543209877	0	0	0	3	4	2	0
1577	1908065	10	4.9	0.89	0	0	1	2	4	3	0
1578	1908138	12	4.42	0.595041322	0	0	1	3	6	1	0
1579	1908233	10	5.4	0.64	0	0	0	1	5	3	1
1580	1908348	16	4.81	0.65234375	0	0	1	4	8	3	0
1581	1908468	47	6.28	0.364149306	0	0	0	0	4	27	17
1582	1908998	12	4.75	1.020833333	0	0	2	2	5	3	0
1583	1909459	17	5.94	0.525951557	0	0	0	0	5	8	4
1584	1910211	11	3.91	-1	-1	-1	-1	-1	-1	-1	-1
1585	1910590	11	4.82	1.05785124	0	0	0	6	2	2	1
1586	1910827	10	5.2	0.56	0	0	0	2	4	4	0
1587	1910962	17	5.53	0.602076125	0	0	0	1	8	6	2
1588	1911254	11	4.73	-1	-1	-1	-1	-1	-1	-1	-1
1589	1911903	19	5.53	0.670360111	0	0	0	2	7	8	2
1590	1912028	31	5.97	0.547346514	0	0	0	0	9	14	8
1591	1912124	10	5.1	0.89	0	0	1	1	4	4	0
1592	1912147	12	4.83	0.472222222	0	0	0	4	6	2	0
1593	1912176	21	5.67	0.6016	0	0	0	2	6	14	3
1594	1912851	15	5.27	0.595555556	0	0	0	2	8	4	1
1595	1912889	10	4.5	0.85	0	0	1	5	2	2	0
1596	1912907	13	4.85	0.74556213	0	0	1	3	6	3	0
1597	1912931	10	5.4	0.64	0	0	0	1	5	3	1
1598	1912937	11	4.64	0.41322314	0	0	1	2	8	0	0
1599	1913028	10	5.3	0.41	0	0	0	1	5	4	0
1600	1913166	10	5.5	0.25	0	0	0	0	5	5	0
1601	1913904	16	5.62	0.359375	0	0	0	0	7	8	1
1602	1913977	15	5	0.637755102	0	0	0	3	8	2	1
1603	1915328	15	5.67	0.21484375	0	0	0	0	5	11	0
1604	1915567	48	6.08	0.835693359	0	0	1	1	12	18	32
1605	1915581	10	3.9	0.89	0	0	4	4	1	1	0
1606	1916100	11	4.91	0.809917355	0	0	1	2	5	3	0
1607	1916186	10	4.2	-1	-1	-1	-1	-1	-1	-1	-1
1608	1916263	25	5.32	0.9376	0	0	2	3	5	15	0
1609	1916900	23	6.04	0.743055556	0	0	0	1	5	9	9
1610	1917941	10	4.8	0.96	0	0	0	5	3	1	1
1611	1918096	19	5.11	0.50617284	0	0	0	3	8	7	0
1612	1918150	27	5.07	1.179698217	0	0	4	3	7	13	0
1613	1918512	15	4.4	0.946745562	0	0	2	2	6	3	0
1614	1918658	11	4.73	0.198347107	0	0	0	3	8	0	0
1615	1918997	12	6.25	0.809688581	0	0	0	1	3	6	7
1616	1919089	11	4.91	0.446280992	0	0	0	3	6	2	0
1617	1919202	11	4.73	0.561983471	0	0	1	2	7	1	0
1618	1920168	11	5.09	0.36	0	0	0	1	6	3	0
1619	1920726	13	5.23	0.331360947	0	0	0	1	8	4	0
1620	1920950	16	4.56	-1	-1	-1	-1	-1	-1	-1	-1
1621	1920963	36	5.44	0.76244898	0	0	1	3	10	18	3
1622	1920978	10	5.3	0.21	0	0	0	0	7	3	0
1623	1921011	10	4.7	0.61	0	0	1	2	6	1	0
1624	1921031	11	4.36	0.85	0	0	1	5	2	2	0
1625	1921528	11	3.55	0.41	0	0	4	5	1	0	0
1626	1921545	10	5.2	1.36	0	0	1	1	5	1	2
1627	1921794	27	5.33	1.0016	0	0	3	0	10	11	1
1628	1922227	32	5.69	0.672653061	0	0	0	2	13	14	6
1629	1922407	11	4.91	0.76	0	0	1	2	5	2	0
1630	1922732	12	5.75	-1	-1	-1	-1	-1	-1	-1	-1
1631	1924825	21	5.14	0.902892562	0	0	0	6	7	7	2
1632	1924951	10	4.9	0.49	0	0	0	3	5	2	0
1633	1925031	18	5.28	0.509695291	0	0	0	2	11	5	1
1634	1925095	16	5.19	0.77734375	0	0	0	4	6	5	1
1635	1926062	15	5.67	0.828402367	0	0	0	1	5	4	3
1636	1926661	11	5.09	0.809917355	0	0	0	3	5	2	1
1637	1927245	43	5.4	0.58774539	0	0	0	4	13	21	3
1638	1927795	36	6.28	0.673580247	0	0	0	2	4	15	24
1639	1927928	13	5.62	0.544378698	0	0	0	1	4	7	1
1640	1928372	17	5.59	0.834710744	0	0	0	3	4	11	4
1641	1928417	10	4.3	0.61	0	0	1	6	2	1	0
1642	1928952	60	5.97	0.638427734	0	0	0	4	10	35	15
1643	1929013	12	4.58	0.576388889	0	0	1	4	6	1	0
1644	1929016	11	4.82	0.512396694	0	0	0	4	5	2	0
1645	1929018	13	4.92	0.99408284	0	0	1	3	6	2	1
1646	1929021	11	4.82	0.876033058	0	0	1	3	4	3	0
1647	1929034	16	5.25	1.0625	0	0	1	3	4	7	1
1648	1929047	13	4.85	0.899408284	0	0	1	4	4	4	0
1649	1929048	12	4.92	0.743055556	0	0	0	5	3	4	0
1650	1929050	10	4.8	0.16	0	0	0	2	8	0	0
1651	1929290	14	5.5	0.648888889	0	0	0	2	5	7	1
1652	1929317	10	4.2	1.16	0	0	3	4	1	2	0
1653	1929399	10	4.6	0.84	0	0	1	4	3	2	0
1654	1931651	15	4.8	0.826666667	0	0	1	4	8	1	1
1655	1931653	16	5.25	0.6875	0	0	0	3	7	5	1
1656	1931655	10	4.6	0.64	0	0	1	3	5	1	0
1657	1931731	114	6.54	0.585788752	0	0	1	4	5	32	93
1658	1931822	10	3.8	0.444444444	0	0	2	5	2	0	0
1659	1931826	14	4.71	0.632653061	0	0	1	4	7	2	0
1660	1931851	32	5.91	0.897460938	0	0	1	2	4	17	8
1661	1932624	11	4.64	0.595041322	0	0	1	3	6	1	0
1662	1932971	18	5.56	0.802469136	0	0	1	1	4	11	1
1663	1933394	10	4.5	0.25	0	0	0	5	5	0	0
1664	1934095	11	5.45	0.429752066	0	0	0	1	4	6	0
1665	1934279	23	5.39	0.412098299	0	0	0	1	13	8	1
1666	1934676	14	4.5	-1	-1	-1	-1	-1	-1	-1	-1
1667	1934758	10	4.6	0.64	0	0	0	6	2	2	0
1668	1935294	11	4.27	-1	-1	-1	-1	-1	-1	-1	-1
1669	1935529	17	5.65	0.581314879	0	0	0	1	6	8	2
1670	1936181	15	5.4	0.515306122	0	0	0	1	8	4	1
1671	1936707	12	4.08	0.330578512	0	0	1	7	3	0	0
1672	1936770	13	5	0.520833333	0	0	0	2	5	5	0
1673	1936813	18	5.06	1.274691358	0	0	2	3	7	4	2
1674	1936898	12	3.75	1.140495868	0	0	3	3	3	2	0
1675	1937522	10	4.4	0.44	0	0	0	7	2	1	0
1676	1937524	11	4.27	0.925619835	0	0	3	3	4	1	0
1677	1937862	32	6	0.799123448	0	0	1	1	4	18	13
1678	1937992	14	5.21	0.544378698	0	0	0	2	4	7	0
1679	1938664	14	5.29	-1	-1	-1	-1	-1	-1	-1	-1
1680	1938750	11	5.45	0.247933884	0	0	0	0	6	5	0
1681	1938806	14	5	0.142857143	0	0	0	1	12	1	0
1682	1938963	12	5	-1	-1	-1	-1	-1	-1	-1	-1
1683	1939465	26	5.62	0.357960458	0	0	0	1	10	19	1
1684	1939501	15	5.07	0.728888889	0	0	0	4	7	3	1
1685	193972	11	4.09	0.9375	0	0	2	3	2	1	0
1686	193974	12	3.17	0.484375	0	0	6	1	1	0	0
1687	193976	16	3.75	1.455621302	0	0	5	5	1	1	1
1688	193984	21	4.24	1.268698061	0	0	5	7	4	2	1
1689	193985	10	3.4	1.2	0	0	2	2	0	1	0
1690	1939873	15	4.8	-1	-1	-1	-1	-1	-1	-1	-
